111111111111111111111110000000000000000000000000000000000000
000000000000000000000000000000000000000000000000000000000000
000000000000000000000000000000000000000000000000000000000000
000000000000000000000000000000000000000000000000000000000000
0000000000000000
111111111111111111111110000000000000000000000000000000000000
000000000000000000000000000000000000000000000000000000000000
000000000000000000000000000000000000000000000000000000000000
000000000000000000000000000000000000000000000000000000000000
0000000000000000
111111111111111111111110000000000000000000000000000000000000
000000000000000000000000000000000000000000000000000000000000
000000000000000000000000000000000000000000000000000000000000
000000000000000000000000000000000000000000000000000000000000
0000000000000000
111111111111111111111110000000000000000000000000000000000000
000000000000000000000000000000000000000000000000000000000000
000000000000000000000000000000000000000000000000000000000000
000000000000000000000000000000000000000000000000000000000000
0000000000000000
111111111111111111111110000000000000000000000000000000000000
000000000000000000000000000000000000000000000000000000000000
000000000000000000000000000000000000000000000000000000000000
000000000000000000000000000000000000000000000000000000000000
0000000000000000
111111111111111111111110000000000000000000000000000000000000
000000000000000000000000000000000000000000000000000000000000
000000000000000000000000000000000000000000000000000000000000
000000000000000000000000000000000000000000000000000000000000
0000000000000000
111111111111111111111110000000000000000000000000000000000000
000000000000000000000000000000000000000000000000000000000000
000000000000000000000000000000000000000000000000000000000000
000000000000000000000000000000000000000000000000000000000000
0000000000000000
111111111111111111111110000000000000000000000000000000000000
000000000000000000000000000000000000000000000000000000000000
000000000000000000000000000000000000000000000000000000000000
000000000000000000000000000000000000000000000000000000000000
0000000000000000
111111111111111111111110000000000000000000000000000000000000
000000000000000000000000000000000000000000000000000000000000
000000000000000000000000000000000000000000000000000000000000
000000000000000000000000000000000000000000000000000000000000
0000000000000000
111111111111111111111110000000000000000000000000000000000000
000000000000000000000000000000000000000000000000000000000000
000000000000000000000000000000000000000000000000000000000000
000000000000000000000000000000000000000000000000000000000000
0000000000000000
111111111111111111111110000000000000000000000000000000000000
000000000000000000000000000000000000000000000000000000000000
000000000000000000000000000000000000000000000000000000000000
000000000000000000000000000000000000000000000000000000000000
0000000000000000
111111111111111111111110000000000000000000000000000000000000
000000000000000000000000000000000000000000000000000000000000
000000000000000000000000000000000000000000000000000000000000
000000000000000000000000000000000000000000000000000000000000
0000000000000000
111111111111111111111110000000000000000000000000000000000000
000000000000000000000000000000000000000000000000000000000000
000000000000000000000000000000000000000000000000000000000000
000000000000000000000000000000000000000000000000000000000000
0000000000000000
111111111111111111111110000000000000000000000000000000000000
000000000000000000000000000000000000000000000000000000000000
000000000000000000000000000000000000000000000000000000000000
000000000000000000000000000000000000000000000000000000000000
0000000000000000
111111111111111111111110000000000000000000000000000000000000
000000000000000000000000000000000000000000000000000000000000
000000000000000000000000000000000000000000000000000000000000
000000000000000000000000000000000000000000000000000000000000
0000000000000000
111111111111111111111110000000000000000000000000000000000000
000000000000000000000000000000000000000000000000000000000000
000000000000000000000000000000000000000000000000000000000000
000000000000000000000000000000000000000000000000000000000000
0000000000000000
111111111111111111111110000000000000000000000000000000000000
000000000000000000000000000000000000000000000000000000000000
000000000000000000000000000000000000000000000000000000000000
000000000000000000000000000000000000000000000000000000000000
0000000000000000
111111111111111111111110000000000000000000000000000000000000
000000000000000000000000000000000000000000000000000000000000
000000000000000000000000000000000000000000000000000000000000
000000000000000000000000000000000000000000000000000000000000
0000000000000000
111111111111111111111110000000000000000000000000000000000000
000000000000000000000000000000000000000000000000000000000000
000000000000000000000000000000000000000000000000000000000000
000000000000000000000000000000000000000000000000000000000000
0000000000000000
111111111111111111111110000000000000000000000000000000000000
000000000000000000000000000000000000000000000000000000000000
000000000000000000000000000000000000000000000000000000000000
000000000000000000000000000000000000000000000000000000000000
0000000000000000
111111111111111111111110000000000000000000000000000000000000
000000000000000000000000000000000000000000000000000000000000
000000000000000000000000000000000000000000000000000000000000
000000000000000000000000000000000000000000000000000000000000
0000000000000000
111111111111111111111110000000000000000000000000000000000000
000000000000000000000000000000000000000000000000000000000000
000000000000000000000000000000000000000000000000000000000000
000000000000000000000000000000000000000000000000000000000000
0000000000000000
111111111111111111111110000000000000000000000000000000000000
000000000000000000000000000000000000000000000000000000000000
000000000000000000000000000000000000000000000000000000000000
000000000000000000000000000000000000000000000000000000000000
0000000000000000
111111111111111111111110000000000000000000000000000000000000
000000000000000000000000000000000000000000000000000000000000
000000000000000000000000000000000000000000000000000000000000
000000000000000000000000000000000000000000000000000000000000
0000000000000000
111111111111111111111110000000000000000000000000000000000000
000000000000000000000000000000000000000000000000000000000000
000000000000000000000000000000000000000000000000000000000000
000000000000000000000000000000000000000000000000000000000000
0000000000000000
111111111111111111111110000000000000000000000000000000000000
000000000000000000000000000000000000000000000000000000000000
000000000000000000000000000000000000000000000000000000000000
000000000000000000000000000000000000000000000000000000000000
0000000000000000
111111111111111111111110000000000000000000000000000000000000
000000000000000000000000000000000000000000000000000000000000
000000000000000000000000000000000000000000000000000000000000
000000000000000000000000000000000000000000000000000000000000
0000000000000000
111111111111111111111110000000000000000000000000000000000000
000000000000000000000000000000000000000000000000000000000000
000000000000000000000000000000000000000000000000000000000000
000000000000000000000000000000000000000000000000000000000000
0000000000000000
111111111111111111111110000000000000000000000000000000000000
000000000000000000000000000000000000000000000000000000000000
000000000000000000000000000000000000000000000000000000000000
000000000000000000000000000000000000000000000000000000000000
0000000000000000
111111111111111111111110000000000000000000000000000000000000
000000000000000000000000000000000000000000000000000000000000
000000000000000000000000000000000000000000000000000000000000
000000000000000000000000000000000000000000000000000000000000
0000000000000000
111111111111111111111110000000000000000000000000000000000000
000000000000000000000000000000000000000000000000000000000000
000000000000000000000000000000000000000000000000000000000000
000000000000000000000000000000000000000000000000000000000000
0000000000000000
111111111111111111111110000000000000000000000000000000000000
000000000000000000000000000000000000000000000000000000000000
000000000000000000000000000000000000000000000000000000000000
000000000000000000000000000000000000000000000000000000000000
0000000000000000
111111111111111111111110000000000000000000000000000000000000
000000000000000000000000000000000000000000000000000000000000
000000000000000000000000000000000000000000000000000000000000
000000000000000000000000000000000000000000000000000000000000
0000000000000000
111111111111111111111110000000000000000000000000000000000000
000000000000000000000000000000000000000000000000000000000000
000000000000000000000000000000000000000000000000000000000000
000000000000000000000000000000000000000000000000000000000000
0000000000000000
111111111111111111111110000000000000000000000000000000000000
000000000000000000000000000000000000000000000000000000000000
000000000000000000000000000000000000000000000000000000000000
000000000000000000000000000000000000000000000000000000000000
0000000000000000
111111111111111111111110000000000000000000000000000000000000
000000000000000000000000000000000000000000000000000000000000
000000000000000000000000000000000000000000000000000000000000
000000000000000000000000000000000000000000000000000000000000
0000000000000000
111111111111111111111110000000000000000000000000000000000000
000000000000000000000000000000000000000000000000000000000000
000000000000000000000000000000000000000000000000000000000000
000000000000000000000000000000000000000000000000000000000000
0000000000000000
111111111111111111111110000000000000000000000000000000000000
000000000000000000000000000000000000000000000000000000000000
000000000000000000000000000000000000000000000000000000000000
000000000000000000000000000000000000000000000000000000000000
0000000000000000
111111111111111111111110000000000000000000000000000000000000
000000000000000000000000000000000000000000000000000000000000
000000000000000000000000000000000000000000000000000000000000
000000000000000000000000000000000000000000000000000000000000
0000000000000000
111111111111111111111110000000000000000000000000000000000000
000000000000000000000000000000000000000000000000000000000000
000000000000000000000000000000000000000000000000000000000000
000000000000000000000000000000000000000000000000000000000000
0000000000000000
111111111111111111111110000000000000000000000000000000000000
000000000000000000000000000000000000000000000000000000000000
000000000000000000000000000000000000000000000000000000000000
000000000000000000000000000000000000000000000000000000000000
0000000000000000
111111111111111111111110000000000000000000000000000000000000
000000000000000000000000000000000000000000000000000000000000
000000000000000000000000000000000000000000000000000000000000
000000000000000000000000000000000000000000000000000000000000
0000000000000000
111111111111111111111110000000000000000000000000000000000000
000000000000000000000000000000000000000000000000000000000000
000000000000000000000000000000000000000000000000000000000000
000000000000000000000000000000000000000000000000000000000000
0000000000000000
111111111111111111111110000000000000000000000000000000000000
000000000000000000000000000000000000000000000000000000000000
000000000000000000000000000000000000000000000000000000000000
000000000000000000000000000000000000000000000000000000000000
0000000000000000
111111111111111111111110000000000000000000000000000000000000
000000000000000000000000000000000000000000000000000000000000
000000000000000000000000000000000000000000000000000000000000
000000000000000000000000000000000000000000000000000000000000
0000000000000000
111111111111111111111110000000000000000000000000000000000000
000000000000000000000000000000000000000000000000000000000000
000000000000000000000000000000000000000000000000000000000000
000000000000000000000000000000000000000000000000000000000000
0000000000000000
111111111111111111111110000000000000000000000000000000000000
000000000000000000000000000000000000000000000000000000000000
000000000000000000000000000000000000000000000000000000000000
000000000000000000000000000000000000000000000000000000000000
0000000000000000
111111111111111111111110000000000000000000000000000000000000
000000000000000000000000000000000000000000000000000000000000
000000000000000000000000000000000000000000000000000000000000
000000000000000000000000000000000000000000000000000000000000
0000000000000000
111111111111111111111110000000000000000000000000000000000000
000000000000000000000000000000000000000000000000000000000000
000000000000000000000000000000000000000000000000000000000000
000000000000000000000000000000000000000000000000000000000000
0000000000000000
111111111111111111111110000000000000000000000000000000000000
000000000000000000000000000000000000000000000000000000000000
000000000000000000000000000000000000000000000000000000000000
000000000000000000000000000000000000000000000000000000000000
0000000000000000
111111111111111111111110000000000000000000000000000000000000
000000000000000000000000000000000000000000000000000000000000
000000000000000000000000000000000000000000000000000000000000
000000000000000000000000000000000000000000000000000000000000
0000000000000000
111111111111111111111223444444444444444444444444444444444444
444444444444444444444444444444444444444444444444444444444444
444444444444444444444444444444444444444444444444444444444444
444444444444444444444444444444444444444444444444444444444444
4444444444444444
111111111111111111111223444444444444444444444444444444444444
444444444444444444444444444444444444444444444444444444444444
444444444444444444444444444444444444444444444444444444444444
444444444444444444444444444444444444444444444444444444444444
4444444444444444
111111111111111111111223444444444444444444444444444444444444
444444444444444444444444444444444444444444444444444444444444
444444444444444444444444444444444444444444444444444444444444
444444444444444444444444444444444444444444444444444444444444
4444444444444444
111111111111111111111223444444444444444444444444444444444444
444444444444444444444444444444444444444444444444444444444444
444444444444444444444444444444444444444444444444444444444444
444444444444444444444444444444444444444444444444444444444444
4444444444444444
111111111111111111111223444444444444444444444444444444444444
444444444444444444444444444444444444444444444444444444444444
444444444444444444444444444444444444444444444444444444444444
444444444444444444444444444444444444444444444444444444444444
4444444444444444
111111111111111111111233444444444444444444444444444444444444
444444444444444444444444444444444444444444444444444444444444
444444444444444444444444444444444444444444444444444444444444
444444444444444444444444444444444444444444444444444444444444
4444444444444444
111111111111111111111233444444444444444444444444444444444444
444444444444444444444444444444444444444444444444444444444444
444444444444444444444444444444444444444444444444444444444444
444444444444444444444444444444444444444444444444444444444444
4444444444444444
111111111111111111112233444444444444444444444444444444444444
444444444444444444444444444444444444444444444444444444444444
444444444444444444444444444444444444444444444444444444444444
444444444444444444444444444444444444444444444444444444444444
4444444444444444
111111111111111111112233444444444444444444444444444444444444
444444444444444444444444444444444444444444444444444444444444
444444444444444444444444444444444444444444444444444444444444
444444444444444444444444444444444444444444444444444444444444
4444444444444444
111111111111111111112233444444444444444444444444444444444444
444444444444444444444444444444444444444444444444444444444444
444444444444444444444444444444444444444444444444444444444444
444444444444444444444444444444444444444444444444444444444444
4444444444444444
111111111111111111112333444444444444444444444444444444444444
444444444444444444444444444444444444444444444444444444444444
444444444444444444444444444444444444444444444444444444444444
444444444444444444444444444444444444444444444444444444444444
4444444444444444
111111111111111111112333344444444444444444444444444444444444
444444444444444444444444444444444444444444444444444444444444
444444444444444444444444444444444444444444444444444444444444
444444444444444444444444444444444444444444444444444444444444
4444444444444444
111111111111111111112333344444444444444444444444444444444444
444444444444444444444444444444444444444444444444444444444444
444444444444444444444444444444444444444444444444444444444444
444444444444444444444444444444444444444444444444444444444444
4444444444444444
111111111111111111122333344444444444444444444444444444444444
444444444444444444444444444444444444444444444444444444444444
444444444444444444444444444444444444444444444444444444444444
444444444444444444444444444444444444444444444444444444444444
4444444444444444
111111111111111111122333344444444444444444444444444444444444
444444444444444444444444444444444444444444444444444444444444
444444444444444444444444444444444444444444444444444444444444
444444444444444444444444444444444444444444444444444444444444
4444444444444444
111111111111111111122333344444444444444444444444444444444444
444444444444444444444444444444444444444444444444444444444444
444444444444444444444444444444444444444444444444444444444444
444444444444444444444444444444444444444444444444444444444444
4444444444444444
111111111111111111123333344444444444444444444444444444444444
444444444444444444444444444444444444444444444444444444444444
444444444444444444444444444444444444444444444444444444444444
444444444444444444444444444444444444444444444444444444444444
4444444444444444
111111111111111111123333344444444444444444444444444444444444
444444444444444444444444444444444444444444444444444444444444
444444444444444444444444444444444444444444444444444444444444
444444444444444444444444444444444444444444444444444444444444
4444444444444444
111111111111111111123333344444444444444444444444444444444444
444444444444444444444444444444444444444444444444444444444444
444444444444444444444444444444444444444444444444444444444444
444444444444444444444444444444444444444444444444444444444444
4444444444444444
111111111111111111223333344444444444444444444444444444444444
444444444444444444444444444444444444444444444444444444444444
444444444444444444444444444444444444444444444444444444444444
444444444444444444444444444444444444444444444444444444444444
4444444444444444
111111111111111111223333344444444444444444444444444444444444
444444444444444444444444444444444444444444444444444444444444
444444444444444444444444444444444444444444444444444444444444
444444444444444444444444444444444444444444444444444444444444
4444444444444444
111111111111111111223333334444444444444444444444444444444444
444444444444444444444444444444444444444444444444444444444444
444444444444444444444444444444444444444444444444444444444444
444444444444444444444444444444444444444444444444444444444444
4444444444444444
111111111111111111233333334444444444444444444444444444444444
444444444444444444444444444444444444444444444444444444444444
444444444444444444444444444444444444444444444444444444444444
444444444444444444444444444444444444444444444444444444444444
4444444444444444
111111111111111111233333334444444444444444444444444444444444
444444444444444444444444444444444444444444444444444444444444
444444444444444444444444444444444444444444444444444444444444
444444444444444444444444444444444444444444444444444444444444
4444444444444444
111111111111111111233333334444444444444444444444444444444444
444444444444444444444444444444444444444444444444444444444444
444444444444444444444444444444444444444444444444444444444444
444444444444444444444444444444444444444444444444444444444444
4444444444444444
111111111111111112233333334444444444444444444444444444444444
444444444444444444444444444444444444444444444444444444444444
444444444444444444444444444444444444444444444444444444444444
444444444444444444444444444444444444444444444444444444444444
4444444444444444
111111111111111112233333334444444444444444444444444444444444
444444444444444444444444444444444444444444444444444444444444
444444444444444444444444444444444444444444444444444444444444
444444444444444444444444444444444444444444444444444444444444
4444444444444444
111111111111111112333333334444444444444444444444444444444444
444444444444444444444444444444444444444444444444444444444444
444444444444444444444444444444444444444444444444444444444444
444444444444444444444444444444444444444444444444444444444444
4444444444444444
111111111111111112333333334444444444444444444444444444444444
444444444444444444444444444444444444444444444444444444444444
444444444444444444444444444444444444444444444444444444444444
444444444444444444444444444444444444444444444444444444444444
4444444444444444
111111111111111112333333334444444444444444444444444444444444
444444444444444444444444444444444444444444444444444444444444
444444444444444444444444444444444444444444444444444444444444
444444444444444444444444444444444444444444444444444444444444
4444444444444444
111111111111111122333333333444444444444444444444444444444444
444444444444444444444444444444444444444444444444444444444444
444444444444444444444444444444444444444444444444444444444444
444444444444444444444444444444444444444444444444444444444444
4444444444444444
111111111111111122333333333444444444444444444444444444444444
444444444444444444444444444444444444444444444444444444444444
444444444444444444444444444444444444444444444444444444444444
444444444444444444444444444444444444444444444444444444444444
4444444444444444
111111111111111123333333333444444444444444444444444444444444
444444444444444444444444444444444444444444444444444444444444
444444444444444444444444444444444444444444444444444444444444
444444444444444444444444444444444444444444444444444444444444
4444444444444444
111111111111111123333333333444444444444444444444444444444444
444444444444444444444444444444444444444444444444444444444444
444444444444444444444444444444444444444444444444444444444444
444444444444444444444444444444444444444444444444444444444444
4444444444444444
111111111111111123333333333444444444444444444444444444444444
444444444444444444444444444444444444444444444444444444444444
444444444444444444444444444444444444444444444444444444444444
444444444444444444444444444444444444444444444444444444444444
4444444444444444
111111111111111223333333333444444444444444444444444444444444
444444444444444444444444444444444444444444444444444444444444
444444444444444444444444444444444444444444444444444444444444
444444444444444444444444444444444444444444444444444444444444
4444444444444444
111111111111111223333333333444444444444444444444444444444444
444444444444444444444444444444444444444444444444444444444444
444444444444444444444444444444444444444444444444444444444444
444444444444444444444444444444444444444444444444444444444444
4444444444444444
111111111111111233333333333344444444444444444444444444444444
444444444444444444444444444444444444444444444444444444444444
444444444444444444444444444444444444444444444444444444444444
444444444444444444444444444444444444444444444444444444444444
4444444444444444
111111111111111233333333333344444444444444444444444444444444
444444444444444444444444444444444444444444444444444444444444
444444444444444444444444444444444444444444444444444444444444
444444444444444444444444444444444444444444444444444444444444
4444444444444444
111111111111111233333333333344444444444444444444444444444444
444444444444444444444444444444444444444444444444444444444444
444444444444444444444444444444444444444444444444444444444444
444444444444444444444444444444444444444444444444444444444444
4444444444444444
111111111111112233333333333344444444444444444444444444444444
444444444444444444444444444444444444444444444444444444444444
444444444444444444444444444444444444444444444444444444444444
444444444444444444444444444444444444444444444444444444444444
4444444444444444
111111111111112333333333333344444444444444444444444444444444
444444444444444444444444444444444444444444444444444444444444
444444444444444444444444444444444444444444444444444444444444
444444444444444444444444444444444444444444444444444444444444
4444444444444444
111111111111112333333333333344444444444444444444444444444444
444444444444444444444444444444444444444444444444444444444444
444444444444444444444444444444444444444444444444444444444444
444444444444444444444444444444444444444444444444444444444444
4444444444444444
111111111111112333333333333344444444444444444444444444444444
444444444444444444444444444444444444444444444444444444444444
444444444444444444444444444444444444444444444444444444444444
444444444444444444444444444444444444444444444444444444444444
4444444444444444
111111111111122333333333333334444444444444444444444444444444
444444444444444444444444444444444444444444444444444444444444
444444444444444444444444444444444444444444444444444444444444
444444444444444444444444444444444444444444444444444444444444
4444444444444444
111111111111123333333333333334444444444444444444444444444444
444444444444444444444444444444444444444444444444444444444444
444444444444444444444444444444444444444444444444444444444444
444444444444444444444444444444444444444444444444444444444444
4444444444444444
111111111111123333333333333334444444444444444444444444444444
444444444444444444444444444444444444444444444444444444444444
444444444444444444444444444444444444444444444444444444444444
444444444444444444444444444444444444444444444444444444444444
4444444444444444
111111111111123333333333333334444444444444444444444444444444
444444444444444444444444444444444444444444444444444444444444
444444444444444444444444444444444444444444444444444444444444
444444444444444444444444444444444444444444444444444444444444
4444444444444444
111111111111223333333333333334444444444444444444444444444444
444444444444444444444444444444444444444444444444444444444444
444444444444444444444444444444444444444444444444444444444444
444444444444444444444444444444444444444444444444444444444444
4444444444444444
111111111111233333333333333333444444444444444444444444444444
444444444444444444444444444444444444444444444444444444444444
444444444444444444444444444444444444444444444444444444444444
444444444444444444444444444444444444444444444444444444444444
4444444444444444
111111111111233333333333333333444444444444444444444444444444
444444444444444444444444444444444444444444444444444444444444
444444444444444444444444444444444444444444444444444444444444
444444444444444444444444444444444444444444444444444444444444
4444444444444444
111111111111233333333333333333444444444444444444444444444444
444444444444444444444444444444444444444444444444444444444444
444444444444444444444444444444444444444444444444444444444444
444444444444444444444444444444444444444444444444444444444444
4444444444444444
111111111112233333333333333333444444444444444444444444444444
444444444444444444444444444444444444444444444444444444444444
444444444444444444444444444444444444444444444444444444444444
444444444444444444444444444444444444444444444444444444444444
4444444444444444
111111111112333333333333333333444444444444444444444444444444
444444444444444444444444444444444444444444444444444444444444
444444444444444444444444444444444444444444444444444444444444
444444444444444444444444444444444444444444444444444444444444
4444444444444444
111111111112333333333333333333344444444444444444444444444444
444444444444444444444444444444444444444444444444444444444444
444444444444444444444444444444444444444444444444444444444444
444444444444444444444444444444444444444444444444444444444444
4444444444444555
111111111112333333333333333333344444444444444444444444444444
444444444444444444444444444444444444444444444444444444444444
444444444444444444444444444444444444444444444444444444444444
444444444444444444444444444444444444444444444444444444444444
4444445555555555
111111111123333333333333333333344444444444444444444444444444
444444444444444444444444444444444444444444444444444444444444
444444444444444444444444444444444444444444444444444444444444
444444444444444444444444444444444444444444444444444444444444
5555555555555555
111111111123333333333333333333344444444444444444444444444444
444444444444444444444444444444444444444444444444444444444444
444444444444444444444444444444444444444444444444444444444444
444444444444444444444444444444444444444444444444444444555555
5555555555555555
111111111123333333333333333333344444444444444444444444444444
444444444444444444444444444444444444444444444444444444444444
444444444444444444444444444444444444444444444444444444444444
444444444444444444444444444444444444444444444444455555555555
5555555555555555
111111111123333333333333333333334444444444444444444444444444
444444444444444444444444444444444444444444444444444444444444
444444444444444444444444444444444444444444444444444444444444
444444444444444444444444444444444444444444455555555555555555
5555555555555555
111111111233333333333333333333334444444444444444444444444444
444444444444444444444444444444444444444444444444444444444444
444444444444444444444444444444444444444444444444444444444444
444444444444444444444444444444444444445555555555555555555555
5555555555555555
111111111233333333333333333333334444444444444444444444444444
444444444444444444444444444444444444444444444444444444444444
444444444444444444444444444444444444444444444444444444444444
444444444444444444444444444444445555555555555555555555555555
5555555555555555
111111111233333333333333333333334444444444444444444444444444
444444444444444444444444444444444444444444444444444444444444
444444444444444444444444444444444444444444444444444444444444
444444444444444444444444444555555555555555555555555555555555
5555555555555555
111111112333333333333333333333333444444444444444444444444444
444444444444444444444444444444444444444444444444444444444444
444444444444444444444444444444444444444444444444444444444444
444444444444444444444455555555555555555555555555555555555555
5555555555555555
111111112333333333333333333333333444444444444444444444444444
444444444444444444444444444444444444444444444444444444444444
444444444444444444444444444444444444444444444444444444444444
444444444444444445555555555555555555555555555555555555555555
5555555555555555
111111112333333333333333333333333444444444444444444444444444
444444444444444444444444444444444444444444444444444444444444
444444444444444444444444444444444444444444444444444444444444
444444444444555555555555555555555555555555555555555555555555
5555555555555555
111111113333333333333333333333333444444444444444444444444444
444444444444444444444444444444444444444444444444444444444444
444444444444444444444444444444444444444444444444444444444444
444444455555555555555555555555555555555555555555555555555555
5555555555555555
111111123333333333333333333333333344444444444444444444444444
444444444444444444444444444444444444444444444444444444444444
444444444444444444444444444444444444444444444444444444444444
445555555555555555555555555555555555555555555555555555555555
5555555555555555
111111123333333333333333333333333344444444444444444444444444
444444444444444444444444444444444444444444444444444444444444
444444444444444444444444444444444444444444444444444444444455
555555555555555555555555555555555555555555555555555555555555
5555555555555555
111111133333333333333333333333333344444444444444444444444444
444444444444444444444444444444444444444444444444444444444444
444444444444444444444444444444444444444444444444444445555555
555555555555555555555555555555555555555555555555555555555555
5555555555555555
111111233333333333333333333333333334444444444444444444444444
444444444444444444444444444444444444444444444444444444444444
444444444444444444444444444444444444444444444444455555555555
555555555555555555555555555555555555555555555555555555555555
5555555555555555
111111233333333333333333333333333334444444444444444444444444
444444444444444444444444444444444444444444444444444444444444
444444444444444444444444444444444444444444445555555555555555
555555555555555555555555555555555555555555555555555555555555
5555555555555555
111111333333333333333333333333333334444444444444444444444444
444444444444444444444444444444444444444444444444444444444444
444444444444444444444444444444444444444455555555555555555555
555555555555555555555555555555555555555555555555555555555555
5555555555555555
111112333333333333333333333333333334444444444444444444444444
444444444444444444444444444444444444444444444444444444444444
444444444444444444444444444444444444555555555555555555555555
555555555555555555555555555555555555555555555555555555555555
5555555555555555
111112333333333333333333333333333333444444444444444444444444
444444444444444444444444444444444444444444444444444444444444
444444444444444444444444444444455555555555555555555555555555
555555555555555555555555555555555555555555555555555555555555
5555555555555555
111113333333333333333333333333333333444444444444444444444444
444444444444444444444444444444444444444444444444444444444444
444444444444444444444444444555555555555555555555555555555555
555555555555555555555555555555555555555555555555555555555555
5555555555555555
111123333333333333333333333333333333444444444444444444444444
444444444444444444444444444444444444444444444444444444444444
444444444444444444444445555555555555555555555555555555555555
555555555555555555555555555555555555555555555555555555555555
5555555555555555
111123333333333333333333333333333333344444444444444444444444
444444444444444444444444444444444444444444444444444444444444
444444444444444444455555555555555555555555555555555555555555
555555555555555555555555555555555555555555555555555555555555
5555555555555555
111133333333333333333333333333333333344444444444444444444444
444444444444444444444444444444444444444444444444444444444444
444444444444444555555555555555555555555555555555555555555555
555555555555555555555555555555555555555555555555555555555555
5555555555555555
111233333333333333333333333333333333344444444444444444444444
444444444444444444444444444444444444444444444444444444444444
444444444444555555555555555555555555555555555555555555555555
555555555555555555555555555555555555555555555555555555555555
5555555555555555
111333333333333333333333333333333333334444444444444444444444
444444444444444444444444444444444444444444444444444444444444
444444445555555555555555555555555555555555555555555555555555
555555555555555555555555555555555555555555555555555555555555
5555555555555555
112333333333333333333333333333333333334444444444444444444444
444444444444444444444444444444444444444444444444444444444444
444455555555555555555555555555555555555555555555555555555555
555555555555555555555555555555555555555555555555555555555555
5555555555555555
112333333333333333333333333333333333333444444444444444444444
444444444444444444444444444444444444444444444444444444444444
555555555555555555555555555555555555555555555555555555555555
555555555555555555555555555555555555555555555555555555555555
5555555555555555
113333333333333333333333333333333333333444444444444444444444
444444444444444444444444444444444444444444444444444444444555
555555555555555555555555555555555555555555555555555555555555
555555555555555555555555555555555555555555555555555555555555
5555555555555555
123333333333333333333333333333333333333344444444444444444444
444444444444444444444444444444444444444444444444444445555555
555555555555555555555555555555555555555555555555555555555555
555555555555555555555555555555555555555555555555555555555555
5555555555555555
133333333333333333333333333333333333333344444444444444444444
444444444444444444444444444444444444444444444444455555555555
555555555555555555555555555555555555555555555555555555555555
555555555555555555555555555555555555555555555555555555555555
5555555555555555
233333333333333333333333333333333333333334444444444444444444
444444444444444444444444444444444444444444444555555555555555
555555555555555555555555555555555555555555555555555555555555
555555555555555555555555555555555555555555555555555555555555
5555555555555555
233333333333333333333333333333333333333333444444444444444444
444444444444444444444444444444444444444445555555555555555555
555555555555555555555555555555555555555555555555555555555555
555555555555555555555555555555555555555555555555555555555555
5555555555555555
333333333333333333333333333333333333333333444444444444444444
444444444444444444444444444444444444455555555555555555555555
555555555555555555555555555555555555555555555555555555555555
555555555555555555555555555555555555555555555555555555555555
5555555555555555
333333333333333333333333333333333333333333344444444444444444
444444444444444444444444444444444555555555555555555555555555
555555555555555555555555555555555555555555555555555555555555
555555555555555555555555555555555555555555555555555555555555
5555555555555555
333333333333333333333333333333333333333333334444444444444444
444444444444444444444444444445555555555555555555555555555555
555555555555555555555555555555555555555555555555555555555555
555555555555555555555555555555555555555555555555555555555555
5555555555555555
333333333333333333333333333333333333333333333344444444444444
444444444444444444444444555555555555555555555555555555555555
555555555555555555555555555555555555555555555555555555555555
555555555555555555555555555555555555555555555555555555555555
5555555555555555
333333333333333333333333333333333333333333333333444444444444
444444444444444445555555555555555555555555555555555555555555
555555555555555555555555555555555555555555555555555555555555
555555555555555555555555555555555555555555555555555555555555
5555555555555555
333333333333333333333333333333333333333333333333333344444444
444444444555555555555555555555555555555555555555555555555555
555555555555555555555555555555555555555555555555555555555555
555555555555555555555555555555555555555555555555555555555555
5555555555555555
333333333333333333333333333333333333333333333333333333333333
555555555555555555555555555555555555555555555555555555555555
555555555555555555555555555555555555555555555555555555555555
555555555555555555555555555555555555555555555555555555555555
5555555555555555
333333333333333333333333333333333333333333333333333333333333
555555555555555555555555555555555555555555555555555555555555
555555555555555555555555555555555555555555555555555555555555
555555555555555555555555555555555555555555555555555555555555
5555555555555555
333333333333333333333333333333333333333333333333333333333333
555555555555555555555555555555555555555555555555555555555555
555555555555555555555555555555555555555555555555555555555555
555555555555555555555555555555555555555555555555555555555555
5555555555555555
333333333333333333333333333333333333333333333333333333333333
555555555555555555555555555555555555555555555555555555555555
555555555555555555555555555555555555555555555555555555555555
555555555555555555555555555555555555555555555555555555555555
5555555555555555
333333333333333333333333333333333333333333333333333333333333
555555555555555555555555555555555555555555555555555555555555
555555555555555555555555555555555555555555555555555555555555
555555555555555555555555555555555555555555555555555555555555
5555555555555555
333333333333333333333333333333333333333333333333333333333333
555555555555555555555555555555555555555555555555555555555555
555555555555555555555555555555555555555555555555555555555555
555555555555555555555555555555555555555555555555555555555555
5555555555555555
333333333333333333333333333333333333333333333333333333333333
555555555555555555555555555555555555555555555555555555555555
555555555555555555555555555555555555555555555555555555555555
555555555555555555555555555555555555555555555555555555555555
5555555555555555
333333333333333333333333333333333333333333333333333333333333
555555555555555555555555555555555555555555555555555555555555
555555555555555555555555555555555555555555555555555555555555
555555555555555555555555555555555555555555555555555555555555
5555555555555555
333333333333333333333333333333333333333333333333333333333333
555555555555555555555555555555555555555555555555555555555555
555555555555555555555555555555555555555555555555555555555555
555555555555555555555555555555555555555555555555555555555555
5555555555555555
333333333333333333333333333333333333333333333333333333333333
555555555555555555555555555555555555555555555555555555555555
555555555555555555555555555555555555555555555555555555555555
555555555555555555555555555555555555555555555555555555555555
5555555555555555
333333333333333333333333333333333333333333333333333333333333
555555555555555555555555555555555555555555555555555555555555
555555555555555555555555555555555555555555555555555555555555
555555555555555555555555555555555555555555555555555555555555
5555555555555555
333333333333333333333333333333333333333333333333333333333333
555555555555555555555555555555555555555555555555555555555555
555555555555555555555555555555555555555555555555555555555555
555555555555555555555555555555555555555555555555555555555555
5555555555555555
333333333333333333333333333333333333333333333333333333333333
555555555555555555555555555555555555555555555555555555555555
555555555555555555555555555555555555555555555555555555555555
555555555555555555555555555555555555555555555555555555555555
5555555555555555
333333333333333333333333333333333333333333333333333333333333
555555555555555555555555555555555555555555555555555555555555
555555555555555555555555555555555555555555555555555555555555
555555555555555555555555555555555555555555555555555555555555
5555555555555555
333333333333333333333333333333333333333333333333333333333333
555555555555555555555555555555555555555555555555555555555555
555555555555555555555555555555555555555555555555555555555555
555555555555555555555555555555555555555555555555555555555555
5555555555555555
333333333333333333333333333333333333333333333333333333333333
555555555555555555555555555555555555555555555555555555555555
555555555555555555555555555555555555555555555555555555555555
555555555555555555555555555555555555555555555555555555555555
5555555555555555
333333333333333333333333333333333333333333333333333333333333
555555555555555555555555555555555555555555555555555555555555
555555555555555555555555555555555555555555555555555555555555
555555555555555555555555555555555555555555555555555555555555
5555555555555555
333333333333333333333333333333333333333333333333333333333333
555555555555555555555555555555555555555555555555555555555555
555555555555555555555555555555555555555555555555555555555555
555555555555555555555555555555555555555555555555555555555555
5555555555555555
333333333333333333333333333333333333333333333333333333333333
555555555555555555555555555555555555555555555555555555555555
555555555555555555555555555555555555555555555555555555555555
555555555555555555555555555555555555555555555555555555555555
5555555555555555
333333333333333333333333333333333333333333333333333333333333
555555555555555555555555555555555555555555555555555555555555
555555555555555555555555555555555555555555555555555555555555
555555555555555555555555555555555555555555555555555555555555
5555555555555555
333333333333333333333333333333333333333333333333333333333333
555555555555555555555555555555555555555555555555555555555555
555555555555555555555555555555555555555555555555555555555555
555555555555555555555555555555555555555555555555555555555555
5555555555555555
333333333333333333333333333333333333333333333333333333333333
555555555555555555555555555555555555555555555555555555555555
555555555555555555555555555555555555555555555555555555555555
555555555555555555555555555555555555555555555555555555555555
5555555555555555
333333333333333333333333333333333333333333333333333333333333
555555555555555555555555555555555555555555555555555555555555
555555555555555555555555555555555555555555555555555555555555
555555555555555555555555555555555555555555555555555555555555
5555555555555555
333333333333333333333333333333333333333333333333333333333333
555555555555555555555555555555555555555555555555555555555555
555555555555555555555555555555555555555555555555555555555555
555555555555555555555555555555555555555555555555555555555555
5555555555555555
333333333333333333333333333333333333333333333333333333333333
555555555555555555555555555555555555555555555555555555555555
555555555555555555555555555555555555555555555555555555555555
555555555555555555555555555555555555555555555555555555555555
5555555555555555
333333333333333333333333333333333333333333333333333333333333
555555555555555555555555555555555555555555555555555555555555
555555555555555555555555555555555555555555555555555555555555
555555555555555555555555555555555555555555555555555555555555
5555555555555555
333333333333333333333333333333333333333333333333333333333333
555555555555555555555555555555555555555555555555555555555555
555555555555555555555555555555555555555555555555555555555555
555555555555555555555555555555555555555555555555555555555555
5555555555555555
333333333333333333333333333333333333333333333333333333333333
555555555555555555555555555555555555555555555555555555555555
555555555555555555555555555555555555555555555555555555555555
555555555555555555555555555555555555555555555555555555555555
5555555555555555
333333333333333333333333333333333333333333333333333333333333
555555555555555555555555555555555555555555555555555555555555
555555555555555555555555555555555555555555555555555555555555
555555555555555555555555555555555555555555555555555555555555
5555555555555555
333333333333333333333333333333333333333333333333333333333333
555555555555555555555555555555555555555555555555555555555555
555555555555555555555555555555555555555555555555555555555555
555555555555555555555555555555555555555555555555555555555555
5555555555555555
333333333333333333333333333333333333333333333333333333333333
555555555555555555555555555555555555555555555555555555555555
555555555555555555555555555555555555555555555555555555555555
555555555555555555555555555555555555555555555555555555555555
5555555555555555
333333333333333333333333333333333333333333333333333333333333
555555555555555555555555555555555555555555555555555555555555
555555555555555555555555555555555555555555555555555555555555
555555555555555555555555555555555555555555555555555555555555
5555555555555555
333333333333333333333333333333333333333333333333333333333333
555555555555555555555555555555555555555555555555555555555555
555555555555555555555555555555555555555555555555555555555555
555555555555555555555555555555555555555555555555555555555555
5555555555555555
333333333333333333333333333333333333333333333333333333333333
555555555555555555555555555555555555555555555555555555555555
555555555555555555555555555555555555555555555555555555555555
555555555555555555555555555555555555555555555555555555555555
5555555555555555
333333333333333333333333333333333333333333333333333333333333
555555555555555555555555555555555555555555555555555555555555
555555555555555555555555555555555555555555555555555555555555
555555555555555555555555555555555555555555555555555555555555
5555555555555555
333333333333333333333333333333333333333333333333333333333333
555555555555555555555555555555555555555555555555555555555555
555555555555555555555555555555555555555555555555555555555555
555555555555555555555555555555555555555555555555555555555555
5555555555555555
333333333333333333333333333333333333333333333333333333333333
555555555555555555555555555555555555555555555555555555555555
555555555555555555555555555555555555555555555555555555555555
555555555555555555555555555555555555555555555555555555555555
5555555555555555
333333333333333333333333333333333333333333333333333333333333
555555555555555555555555555555555555555555555555555555555555
555555555555555555555555555555555555555555555555555555555555
555555555555555555555555555555555555555555555555555555555555
5555555555555555
333333333333333333333333333333333333333333333333333333333333
555555555555555555555555555555555555555555555555555555555555
555555555555555555555555555555555555555555555555555555555555
555555555555555555555555555555555555555555555555555555555555
5555555555555555
333333333333333333333333333333333333333333333333333333333333
555555555555555555555555555555555555555555555555555555555555
555555555555555555555555555555555555555555555555555555555555
555555555555555555555555555555555555555555555555555555555555
5555555555555555
333333333333333333333333333333333333333333333333333333333333
555555555555555555555555555555555555555555555555555555555555
555555555555555555555555555555555555555555555555555555555555
555555555555555555555555555555555555555555555555555555555555
5555555555555555
333333333333333333333333333333333333333333333333333333333333
555555555555555555555555555555555555555555555555555555555555
555555555555555555555555555555555555555555555555555555555555
555555555555555555555555555555555555555555555555555555555555
5555555555555555
333333333333333333333333333333333333333333333333333333333333
555555555555555555555555555555555555555555555555555555555555
555555555555555555555555555555555555555555555555555555555555
555555555555555555555555555555555555555555555555555555555555
5555555555555555
333333333333333333333333333333333333333333333333333333333333
555555555555555555555555555555555555555555555555555555555555
555555555555555555555555555555555555555555555555555555555555
555555555555555555555555555555555555555555555555555555555555
5555555555555555
333333333333333333333333333333333333333333333333333333333333
555555555555555555555555555555555555555555555555555555555555
555555555555555555555555555555555555555555555555555555555555
555555555555555555555555555555555555555555555555555555555555
5555555555555555
333333333333333333333333333333333333333333333333333333333333
555555555555555555555555555555555555555555555555555555555555
555555555555555555555555555555555555555555555555555555555555
555555555555555555555555555555555555555555555555555555555555
5555555555555555
333333333333333333333333333333333333333333333333333333333333
555555555555555555555555555555555555555555555555555555555555
555555555555555555555555555555555555555555555555555555555555
555555555555555555555555555555555555555555555555555555555555
5555555555555555
333333333333333333333333333333333333333333333333333333333333
555555555555555555555555555555555555555555555555555555555555
555555555555555555555555555555555555555555555555555555555555
555555555555555555555555555555555555555555555555555555555555
5555555555555555
333333333333333333333333333333333333333333333333333333333333
555555555555555555555555555555555555555555555555555555555555
555555555555555555555555555555555555555555555555555555555555
555555555555555555555555555555555555555555555555555555555555
5555555555555555
333333333333333333333333333333333333333333333333333333333333
555555555555555555555555555555555555555555555555555555555555
555555555555555555555555555555555555555555555555555555555555
555555555555555555555555555555555555555555555555555555555555
5555555555555555
333333333333333333333333333333333333333333333333333333333333
555555555555555555555555555555555555555555555555555555555555
555555555555555555555555555555555555555555555555555555555555
555555555555555555555555555555555555555555555555555555555555
5555555555555555
333333333333333333333333333333333333333333333333333333333333
555555555555555555555555555555555555555555555555555555555555
555555555555555555555555555555555555555555555555555555555555
555555555555555555555555555555555555555555555555555555555555
5555555555555555
333333333333333333333333333333333333333333333333333333333333
555555555555555555555555555555555555555555555555555555555555
555555555555555555555555555555555555555555555555555555555555
555555555555555555555555555555555555555555555555555555555555
5555555555555555
333333333333333333333333333333333333333333333333333333333333
555555555555555555555555555555555555555555555555555555555555
555555555555555555555555555555555555555555555555555555555555
555555555555555555555555555555555555555555555555555555555555
5555555555555555
333333333333333333333333333333333333333333333333333333333333
555555555555555555555555555555555555555555555555555555555555
555555555555555555555555555555555555555555555555555555555555
555555555555555555555555555555555555555555555555555555555555
5555555555555555
333333333333333333333333333333333333333333333333333333333333
555555555555555555555555555555555555555555555555555555555555
555555555555555555555555555555555555555555555555555555555555
555555555555555555555555555555555555555555555555555555555555
5555555555555555
333333333333333333333333333333333333333333333333333333333333
555555555555555555555555555555555555555555555555555555555555
555555555555555555555555555555555555555555555555555555555555
555555555555555555555555555555555555555555555555555555555555
5555555555555555
333333333333333333333333333333333333333333333333333333333333
555555555555555555555555555555555555555555555555555555555555
555555555555555555555555555555555555555555555555555555555555
555555555555555555555555555555555555555555555555555555555555
5555555555555555
333333333333333333333333333333333333333333333333333333333333
555555555555555555555555555555555555555555555555555555555555
555555555555555555555555555555555555555555555555555555555555
555555555555555555555555555555555555555555555555555555555555
5555555555555555
333333333333333333333333333333333333333333333333333333333333
555555555555555555555555555555555555555555555555555555555555
555555555555555555555555555555555555555555555555555555555555
555555555555555555555555555555555555555555555555555555555555
5555555555555555
333333333333333333333333333333333333333333333333333333333333
555555555555555555555555555555555555555555555555555555555555
555555555555555555555555555555555555555555555555555555555555
555555555555555555555555555555555555555555555555555555555555
5555555555555555
333333333333333333333333333333333333333333333333333333333333
555555555555555555555555555555555555555555555555555555555555
555555555555555555555555555555555555555555555555555555555555
555555555555555555555555555555555555555555555555555555555555
5555555555555555
333333333333333333333333333333333333333333333333333333333333
555555555555555555555555555555555555555555555555555555555555
555555555555555555555555555555555555555555555555555555555555
555555555555555555555555555555555555555555555555555555555555
5555555555555555
333333333333333333333333333333333333333333333333333333333333
555555555555555555555555555555555555555555555555555555555555
555555555555555555555555555555555555555555555555555555555555
555555555555555555555555555555555555555555555555555555555555
5555555555555555
333333333333333333333333333333333333333333333333333333333333
555555555555555555555555555555555555555555555555555555555555
555555555555555555555555555555555555555555555555555555555555
555555555555555555555555555555555555555555555555555555555555
5555555555555555
333333333333333333333333333333333333333333333333333333333333
555555555555555555555555555555555555555555555555555555555555
555555555555555555555555555555555555555555555555555555555555
555555555555555555555555555555555555555555555555555555555555
5555555555555555
333333333333333333333333333333333333333333333333333333333333
555555555555555555555555555555555555555555555555555555555555
555555555555555555555555555555555555555555555555555555555555
555555555555555555555555555555555555555555555555555555555555
5555555555555555
333333333333333333333333333333333333333333333333333333333333
555555555555555555555555555555555555555555555555555555555555
555555555555555555555555555555555555555555555555555555555555
555555555555555555555555555555555555555555555555555555555555
5555555555555555
333333333333333333333333333333333333333333333333333333333333
555555555555555555555555555555555555555555555555555555555555
555555555555555555555555555555555555555555555555555555555555
555555555555555555555555555555555555555555555555555555555555
5555555555555555
333333333333333333333333333333333333333333333333333333333333
555555555555555555555555555555555555555555555555555555555555
555555555555555555555555555555555555555555555555555555555555
555555555555555555555555555555555555555555555555555555555555
5555555555555555
333333333333333333333333333333333333333333333333333333333333
555555555555555555555555555555555555555555555555555555555555
555555555555555555555555555555555555555555555555555555555555
555555555555555555555555555555555555555555555555555555555555
5555555555555555
333333333333333333333333333333333333333333333333333333333333
555555555555555555555555555555555555555555555555555555555555
555555555555555555555555555555555555555555555555555555555555
555555555555555555555555555555555555555555555555555555555555
5555555555555555
333333333333333333333333333333333333333333333333333333333333
555555555555555555555555555555555555555555555555555555555555
555555555555555555555555555555555555555555555555555555555555
555555555555555555555555555555555555555555555555555555555555
5555555555555555
333333333333333333333333333333333333333333333333333333333333
555555555555555555555555555555555555555555555555555555555555
555555555555555555555555555555555555555555555555555555555555
555555555555555555555555555555555555555555555555555555555555
5555555555555555
333333333333333333333333333333333333333333333333333333333333
555555555555555555555555555555555555555555555555555555555555
555555555555555555555555555555555555555555555555555555555555
555555555555555555555555555555555555555555555555555555555555
5555555555555555
333333333333333333333333333333333333333333333333333333333333
555555555555555555555555555555555555555555555555555555555555
555555555555555555555555555555555555555555555555555555555555
555555555555555555555555555555555555555555555555555555555555
5555555555555555
333333333333333333333333333333333333333333333333333333333333
555555555555555555555555555555555555555555555555555555555555
555555555555555555555555555555555555555555555555555555555555
555555555555555555555555555555555555555555555555555555555555
5555555555555555
333333333333333333333333333333333333333333333333333333333333
555555555555555555555555555555555555555555555555555555555555
555555555555555555555555555555555555555555555555555555555555
555555555555555555555555555555555555555555555555555555555555
5555555555555555
333333333333333333333333333333333333333333333333333333333333
555555555555555555555555555555555555555555555555555555555555
555555555555555555555555555555555555555555555555555555555555
555555555555555555555555555555555555555555555555555555555555
5555555555555555
333333333333333333333333333333333333333333333333333333333333
555555555555555555555555555555555555555555555555555555555555
555555555555555555555555555555555555555555555555555555555555
555555555555555555555555555555555555555555555555555555555555
5555555555555555
333333333333333333333333333333333333333333333333333333333333
555555555555555555555555555555555555555555555555555555555555
555555555555555555555555555555555555555555555555555555555555
555555555555555555555555555555555555555555555555555555555555
5555555555555555
333333333333333333333333333333333333333333333333333333333333
555555555555555555555555555555555555555555555555555555555555
555555555555555555555555555555555555555555555555555555555555
555555555555555555555555555555555555555555555555555555555555
5555555555555555
333333333333333333333333333333333333333333333333333333333333
555555555555555555555555555555555555555555555555555555555555
555555555555555555555555555555555555555555555555555555555555
555555555555555555555555555555555555555555555555555555555555
5555555555555555
333333333333333333333333333333333333333333333333333333333333
555555555555555555555555555555555555555555555555555555555555
555555555555555555555555555555555555555555555555555555555555
555555555555555555555555555555555555555555555555555555555555
5555555555555555
333333333333333333333333333333333333333333333333333333333333
555555555555555555555555555555555555555555555555555555555555
555555555555555555555555555555555555555555555555555555555555
555555555555555555555555555555555555555555555555555555555555
5555555555555555
333333333333333333333333333333333333333333333333333333333333
555555555555555555555555555555555555555555555555555555555555
555555555555555555555555555555555555555555555555555555555555
555555555555555555555555555555555555555555555555555555555555
5555555555555555
333333333333333333333333333333333333333333333333333333333333
555555555555555555555555555555555555555555555555555555555555
555555555555555555555555555555555555555555555555555555555555
555555555555555555555555555555555555555555555555555555555555
5555555555555555
333333333333333333333333333333333333333333333333333333333333
555555555555555555555555555555555555555555555555555555555555
555555555555555555555555555555555555555555555555555555555555
555555555555555555555555555555555555555555555555555555555555
5555555555555555
333333333333333333333333333333333333333333333333333333333333
555555555555555555555555555555555555555555555555555555555555
555555555555555555555555555555555555555555555555555555555555
555555555555555555555555555555555555555555555555555555555555
5555555555555555
333333333333333333333333333333333333333333333333333333333333
555555555555555555555555555555555555555555555555555555555555
555555555555555555555555555555555555555555555555555555555555
555555555555555555555555555555555555555555555555555555555555
5555555555555555
333333333333333333333333333333333333333333333333333333333333
555555555555555555555555555555555555555555555555555555555555
555555555555555555555555555555555555555555555555555555555555
555555555555555555555555555555555555555555555555555555555555
5555555555555555
333333333333333333333333333333333333333333333333333333333333
555555555555555555555555555555555555555555555555555555555555
555555555555555555555555555555555555555555555555555555555555
555555555555555555555555555555555555555555555555555555555555
5555555555555555
333333333333333333333333333333333333333333333333333333333333
555555555555555555555555555555555555555555555555555555555555
555555555555555555555555555555555555555555555555555555555555
555555555555555555555555555555555555555555555555555555555555
5555555555555555
333333333333333333333333333333333333333333333333333333333333
555555555555555555555555555555555555555555555555555555555555
555555555555555555555555555555555555555555555555555555555555
555555555555555555555555555555555555555555555555555555555555
5555555555555555
333333333333333333333333333333333333333333333333333333333333
555555555555555555555555555555555555555555555555555555555555
555555555555555555555555555555555555555555555555555555555555
555555555555555555555555555555555555555555555555555555555555
5555555555555555
333333333333333333333333333333333333333333333333333333333333
555555555555555555555555555555555555555555555555555555555555
555555555555555555555555555555555555555555555555555555555555
555555555555555555555555555555555555555555555555555555555555
5555555555555555
333333333333333333333333333333333333333333333333333333333333
555555555555555555555555555555555555555555555555555555555555
555555555555555555555555555555555555555555555555555555555555
555555555555555555555555555555555555555555555555555555555555
5555555555555555
333333333333333333333333333333333333333333333333333333333333
555555555555555555555555555555555555555555555555555555555555
555555555555555555555555555555555555555555555555555555555555
555555555555555555555555555555555555555555555555555555555555
5555555555555555
333333333333333333333333333333333333333333333333333333333333
555555555555555555555555555555555555555555555555555555555555
555555555555555555555555555555555555555555555555555555555555
555555555555555555555555555555555555555555555555555555555555
5555555555555555
333333333333333333333333333333333333333333333333333333333333
555555555555555555555555555555555555555555555555555555555555
555555555555555555555555555555555555555555555555555555555555
555555555555555555555555555555555555555555555555555555555555
5555555555555555
333333333333333333333333333333333333333333333333333333333333
555555555555555555555555555555555555555555555555555555555555
555555555555555555555555555555555555555555555555555555555555
555555555555555555555555555555555555555555555555555555555555
5555555555555555
333333333333333333333333333333333333333333333333333333333333
555555555555555555555555555555555555555555555555555555555555
555555555555555555555555555555555555555555555555555555555555
555555555555555555555555555555555555555555555555555555555555
5555555555555555
333333333333333333333333333333333333333333333333333333333333
555555555555555555555555555555555555555555555555555555555555
555555555555555555555555555555555555555555555555555555555555
555555555555555555555555555555555555555555555555555555555555
5555555555555555
333333333333333333333333333333333333333333333333333333333333
555555555555555555555555555555555555555555555555555555555555
555555555555555555555555555555555555555555555555555555555555
555555555555555555555555555555555555555555555555555555555555
5555555555555555
333333333333333333333333333333333333333333333333333333333333
555555555555555555555555555555555555555555555555555555555555
555555555555555555555555555555555555555555555555555555555555
555555555555555555555555555555555555555555555555555555555555
5555555555555555
333333333333333333333333333333333333333333333333333333333333
555555555555555555555555555555555555555555555555555555555555
555555555555555555555555555555555555555555555555555555555555
555555555555555555555555555555555555555555555555555555555555
5555555555555555
333333333333333333333333333333333333333333333333333333333333
555555555555555555555555555555555555555555555555555555555555
555555555555555555555555555555555555555555555555555555555555
555555555555555555555555555555555555555555555555555555555555
5555555555555555
333333333333333333333333333333333333333333333333333333333333
555555555555555555555555555555555555555555555555555555555555
555555555555555555555555555555555555555555555555555555555555
555555555555555555555555555555555555555555555555555555555555
5555555555555555
333333333333333333333333333333333333333333333333333333333333
555555555555555555555555555555555555555555555555555555555555
555555555555555555555555555555555555555555555555555555555555
555555555555555555555555555555555555555555555555555555555555
5555555555555555
333333333333333333333333333333333333333333333333333333333333
555555555555555555555555555555555555555555555555555555555555
555555555555555555555555555555555555555555555555555555555555
555555555555555555555555555555555555555555555555555555555555
5555555555555555
333333333333333333333333333333333333333333333333333333333333
555555555555555555555555555555555555555555555555555555555555
555555555555555555555555555555555555555555555555555555555555
555555555555555555555555555555555555555555555555555555555555
5555555555555555
