111111111111111111111111111111111111111111111111111111111111
111111111111111111111111111111111111117771111111111111111111
111111111111111111111111111111111111111111111111111111111111
111111111111111111111111111111111111111111111111111111111111
1111111111111111
111111111111111111111111111111111111111111111111111111111111
111111111111111111111111111111111111117771111111111111111111
111111111111111111111111111111111111111111111111111111111111
111111111111111111111111111111111111111111111111111111111111
1111111111111111
111111111111111111111111111111111111111111111111111111111111
111111111111111111111111111111111111117771111111111111111111
111111111111111111111111111111111111111111111111111111111111
111111111111111111111111111111111111111111111111111111111111
1111111111111111
111111111111111111111111111111111111111111111111111111111111
111111111111111111111111111111111111117771111111111111111111
111111111111111111111111111111111111111111111111111111111111
111111111111111111111111111111111111111111111111111111111111
1111111111111111
111111111111111111111111111111111111111111111111111111111111
111111111111111111111111111111111111117771111111111111111111
111111111111111111111111111111111111111111111111111111111111
111111111111111111111111111111111111111111111111111111111111
1111111111111111
111111111111111111111111111111111111111111111111111111111111
111111111111111111111111111111111111117771111111111111111111
111111111111111111111111111111111111111111111111111111111111
111111111111111111111111111111111111111111111111111111111111
1111111111111111
111111111111111111111111111111111111111111111111111111111111
111111111111111111111111111111111111117771111111111111111111
111111111111111111111111111111111111111111111111111111111111
111111111111111111111111111111111111111111111111111111111111
1111111111111111
111111111111111111111111111111111111111111111111111111111111
111111111111111111111111111111111111117771111111111111111111
111111111111111111111111111111111111111111111111111111111111
111111111111111111111111111111111111111111111111111111111111
1111111111111111
111111111111111111111111111111111111111111111111111111111111
111111111111111111111111111111111111117771111111111111111111
111111111111111111111111111111111111111111111111111111111111
111111111111111111111111111111111111111111111111111111111111
1111111111111111
111111111111111111111111111111111111111111111111111111111111
111111111111111111111111111111111111117771111111111111111111
111111111111111111111111111111111111111111111111111111111111
111111111111111111111111111111111111111111111111111111111111
1111111111111111
111111111111111111111111111111111111111111111111111111111111
111111111111111111111111111111111111117771111111111111111111
111111111111111111111111111111111111111111111111111111111111
111111111111111111111111111111111111111111111111111111111111
1111111111111111
111111111111111111111111111111111111111111111111111111111111
111111111111111111111111111111111111117771111111111111111111
111111111111111111111111111111111111111111111111111111111111
111111111111111111111111111111111111111111111111111111111111
1111111111111111
111111111111111111111111111111111111111111111111111111111111
111111111111111111111111111111111111117771111111111111111111
111111111111111111111111111111111111111111111111111111111111
111111111111111111111111111111111111111111111111111111111111
1111111111111111
111111111111111111111111111111111111111111111111111111111111
111111111111111111111111111111111111117771111111111111111111
111111111111111111111111111111111111111111111111111111111111
111111111111111111111111111111111111111111111111111111111111
1111111111111111
111111111111111111111111111111111111111111111111111111111111
111111111111111111111111111111111111117771111111111111111111
111111111111111111111111111111111111111111111111111111111111
111111111111111111111111111111111111111111111111111111111111
1111111111111111
111111111111111111111111111111111111111111111111111111111111
111111111111111111111111111111111111117771111111111111111111
111111111111111111111111111111111111111111111111111111111111
111111111111111111111111111111111111111111111111111111111111
1111111111111111
111111111111111111111111111111111111111111111111111111111111
111111111111111111111111111111111111117771111111111111111111
111111111111111111111111111111111111111111111111111111111111
111111111111111111111111111111111111111111111111111111111111
1111111111111111
111111111111111111111111111111111111111111111111111111111111
111111111111111111111111111111111111117771111111111111111111
111111111111111111111111111111111111111111111111111111111111
111111111111111111111111111111111111111111111111111111111111
1111111111111111
111111111111111111111111111111111111111111111111111111111111
111111111111111111111111111111111111117771111111111111111111
111111111111111111111111111111111111111111111111111111111111
111111111111111111111111111111111111111111111111111111111111
1111111111111111
111111111111111111111111111111111111111111111111111111111111
111111111111111111111111111111111111117771111111111111111111
111111111111111111111111111111111111111111111111111111111111
111111111111111111111111111111111111111111111111111111111111
1111111111111111
111111111111111111111111111111111111111111111111111111111111
111111111111111111111111111111111111117771111111111111111111
111111111111111111111111111111111111111111111111111111111111
111111111111111111111111111111111111111111111111111111111111
1111111111111111
111111111111111111111111111111111111111111111111111111111111
111111111111111111111111111111111111117771111111111111111111
111111111111111111111111111111111111111111111111111111111111
111111111111111111111111111111111111111111111111111111111111
1111111111111111
111111111111111111111111111111111111111111111111111111111111
111111111111111111111111111111111111117771111111111111111111
111111111111111111111111111111111111111111111111111111111111
111111111111111111111111111111111111111111111111111111111111
1111111111111111
111111111111111111111111111111111111111111111111111111111111
111111111111111111111111111111111111117771111111111111111111
111111111111111111111111111111111111111111111111111111111111
111111111111111111111111111111111111111111111111111111111111
1111111111111111
111111111111111111111111111111111111111111111111111111111111
111111111111111111111111111111111111117771111111111111111111
111111111111111111111111111111111111111111111111111111111111
111111111111111111111111111111111111111111111111111111111111
1111111111111111
111111111111111111111111111111111111111111111111111111111111
111111111111111111111111111111111111117771111111111111111111
111111111111111111111111111111111111111111111111111111111111
111111111111111111111111111111111111111111111111111111111111
1111111111111111
111111111111111111111111111111111111111111111111111111111111
111111111111111111111111111111111111117771111111111111111111
111111111111111111111111111111111111111111111111111111111111
111111111111111111111111111111111111111111111111111111111111
1111111111111111
111111111111111111111111111111111111111111111111111111111111
111111111111111111111111111111111111117771111111111111111111
111111111111111111111111111111111111111111111111111111111111
111111111111111111111111111111111111111111111111111111111111
1111111111111111
111111111111111111111111111111111111111111111111111111111111
111111111111111111111111111111111111117771111111111111111111
111111111111111111111111111111111111111111111111111111111111
111111111111111111111111111111111111111111111111111111111111
1111111111111111
111111111111111111111111111111111111111111111111111111111111
111111111111111111111111111111111111117771111111111111111111
111111111111111111111111111111111111111111111111111111111111
111111111111111111111111111111111111111111111111111111111111
1111111111111111
111111111111111111111111111111111111111111111111111111111111
111111111111111111111111111111111111117771111111111111111111
111111111111111111111111111111111111111111111111111111111111
111111111111111111111111111111111111111111111111111111111111
1111111111111111
111111111111111111111111111111111111111111111111111111111111
111111111111111111111111111111111111117771111111111111111111
111111111111111111111111111111111111111111111111111111111111
111111111111111111111111111111111111111111111111111111111111
1111111111111111
111111111111111111111111111111111111111111111111111111111111
111111111111111111111111111111111111117777111111111111111111
111111111111111111111111111111111111111111111111111111111111
111111111111111111111111111111111111111111111111111111111111
1111111111111111
111111111111111111111111111111111111111111111111111111111111
111111111111111111111111111111111111117777111111111111111111
111111111111111111111111111111111111111111111111111111111111
111111111111111111111111111111111111111111111111111111111111
1111111111111111
111111111111111111111111111111111111111111111111111111111111
111111111111111111111111111111111111117777111111111111111111
111111111111111111111111111111111111111111111111111111111111
111111111111111111111111111111111111111111111111111111111111
1111111111111111
111111111111111111111111111111111111111111111111111111111111
111111111111111111111111111111111111117777111111111111111111
111111111111111111111111111111111111111111111111111111111111
111111111111111111111111111111111111111111111111111111111111
1111111111111111
111111111111111111111111111111111111111111111111111111111111
111111111111111111111111111111111111111777111111111111111111
111111111111111111111111111111111111111111111111111111111111
111111111111111111111111111111111111111111111111111111111111
1111111111111111
111111111111111111111111111111111111111111111111111111111111
111111111111111111111111111111111111111777111111111111111111
111111111111111111111111111111111111111111111111111111111111
111111111111111111111111111111111111111111111111111111111111
1111111111111111
111111111111111111111111111111111111111111111111111111111111
111111111111111111111111111111111111111777111111111111111111
111111111111111111111111111111111111111111111111111111111111
111111111111111111111111111111111111111111111111111111111111
1111111111111111
111111111111111111111111111111111111111111111111111111111111
111111111111111111111111111111111111111777111111111111111111
111111111111111111111111111111111111111111111111111111111111
111111111111111111111111111111111111111111111111111111111111
1111111111111111
111111111111111111111111111111111111111111111111111111111111
111111111111111111111111111111111111111777111111111111111111
111111111111111111111111111111111111111111111111111111111111
111111111111111111111111111111111111111111111111111111111111
1111111111111111
111111111111111111111111111111111111111111111111111111111111
111111111111111111111111111111111111111777111111111111111111
111111111111111111111111111111111111111111111111111111111111
111111111111111111111111111111111111111111111111111111111111
1111111111111111
111111111111111111111111111111111111111111111111111111111111
111111111111111111111111111111111111111777111111111111111111
111111111111111111111111111111111111111111111111111111111111
111111111111111111111111111111111111111111111111111111111111
1111111111111111
111111111111111111111111111111111111111111111111111111111111
111111111111111111111111111111111111111777111111111111111111
111111111111111111111111111111111111111111111111111111111111
111111111111111111111111111111111111111111111111111111111111
1111111111111111
111111111111111111111111111111111111111111111111111111111111
111111111111111111111111111111111111111777111111111111111111
111111111111111111111111111111111111111111111111111111111111
111111111111111111111111111111111111111111111111111111111111
1111111111111111
111111111111111111111111111111111111111111111111111111111111
111111111111111111111111111111111111111777111111111111111111
111111111111111111111111111111111111111111111111111111111111
111111111111111111111111111111111111111111111111111111111111
1111111111111111
111111111111111111111111111111111111111111111111111111111111
111111111111111111111111111111111111111777111111111111111111
111111111111111111111111111111111111111111111111111111111111
111111111111111111111111111111111111111111111111111111111111
1111111111111111
111111111111111111111111111111111111111111111111111111111111
111111111111111111111111111111111111111777111111111111111111
111111111111111111111111111111111111111111111111111111111111
111111111111111111111111111111111111111111111111111111111111
1111111111111111
111111111111111111111111111111111111111111111111111111111111
111111111111111111111111111111111111111777111111111111111111
111111111111111111111111111111111111111111111111111111111111
111111111111111111111111111111111111111111111111111111111111
1111111111111111
111111111111111111111111111111111111111111111111111111111111
111111111111111111111111111111111111111777111111111111111111
111111111111111111111111111111111111111111111111111111111111
111111111111111111111111111111111111111111111111111111111111
1111111111111111
111111111111111111111111111111111111111111111111111111111111
111111111111111111111111111111111111111777111111111111111111
111111111111111111111111111111111111111111111111111111111111
111111111111111111111111111111111111111111111111111111111111
1111111111111111
111111111111111111111111111111111111111111111111111111111111
111111111111111111111111111111111111111777111111111111111111
111111111111111111111111111111111111111111111111111111111111
111111111111111111111111111111111111111111111111111111111111
1111111111111111
111111111111111111111111111111111111111111111111111111111111
111111111111111111111111111111111111111777111111111111111111
111111111111111111111111111111111111111111111111111111111111
111111111111111111111111111111111111111111111111111111111111
1111111111111111
111111111111111111111111111111111111111111111111111111111111
111111111111111111111111111111111111111777111111111111111111
111111111111111111111111111111111111111111111111111111111111
111111111111111111111111111111111111111111111111111111111111
1111111111111111
111111111111111111111111111111111111111111111111111111111111
111111111111111111111111111111111111111777111111111111111111
111111111111111111111111111111111111111111111111111111111111
111111111111111111111111111111111111111111111111111111111111
1111111111111111
111111111111111111111111111111111111111111111111111111111111
111111111111111111111111111111111111111777111111111111111111
111111111111111111111111111111111111111111111111111111111111
111111111111111111111111111111111111111111111111111111111111
1111111111111111
111111111111111111111111111111111111111111111111111111111111
111111111111111111111111111111111111111777111111111111111111
111111111111111111111111111111111111111111111111111111111111
111111111111111111111111111111111111111111111111111111111111
1111111111111111
111111111111111111111111111111111111111111111111111111111111
111111111111111111111111111111111111111777111111111111111111
111111111111111111111111111111111111111111111111111111111111
111111111111111111111111111111111111111111111111111111111111
1111111111111111
111111111111111111111111111111111111111111111111111111111111
111111111111111111111111111111111111111777111111111111111111
111111111111111111111111111111111111111111111111111111111111
111111111111111111111111111111111111111111111111111111111111
1111111111111111
111111111111111111111111111111111111111111111111111111111111
111111111111111111111111111111111111111777111111111111111111
111111111111111111111111111111111111111111111111111111111111
111111111111111111111111111111111111111111111111111111111111
1111111111111111
111111111111111111111111111111111111111111111111111111111111
111111111111111111111111111111111111111777111111111111111111
111111111111111111111111111111111111111111111111111111111111
111111111111111111111111111111111111111111111111111111111111
1111111111111111
111111111111111111111111111111111111111111111111111111111111
111111111111111111111111111111111111111777111111111111111111
111111111111111111111111111111111111111111111111111111111111
111111111111111111111111111111111111111111111111111111111111
1111111111111111
111111111111111111111111111111111111111111111111111111111111
111111111111111111111111111111111111111777111111111111111111
111111111111111111111111111111111111111111111111111111111111
111111111111111111111111111111111111111111111111111111111111
1111111111111111
111111111111111111111111111111111111111111111111111111111111
111111111111111111111111111111111111111777711111111111111111
111111111111111111111111111111111111111111111111111111111111
111111111111111111111111111111111111111111111111111111111111
1111111111111111
111111111111111111111111111111111111111111111111111111111111
111111111111111111111111111111111111111777711111111111111111
111111111111111111111111111111111111111111111111111111111111
111111111111111111111111111111111111111111111111111111111111
1111111111111111
111111111111111111111111111111111111111111111111111111111111
111111111111111111111111111111111111111777711111111111111111
111111111111111111111111111111111111111111111111111111111111
111111111111111111111111111111111111111111111111111111111111
1111111111111111
111111111111111111111111111111111111111111111111111111111111
111111111111111111111111111111111111111777711111111111111111
111111111111111111111111111111111111111111111111111111111111
111111111111111111111111111111111111111111111111111111111111
1111111111111111
111111111111111111111111111111111111111111111111111111111111
111111111111111111111111111111111111111177711111111111111111
111111111111111111111111111111111111111111111111111111111111
111111111111111111111111111111111111111111111111111111111111
1111111111111111
111111111111111111111111111111111111111111111111111111111111
111111111111111111111111111111111111111177711111111111111111
111111111111111111111111111111111111111111111111111111111111
111111111111111111111111111111111111111111111111111111111111
1111111111111111
111111111111111111111111111111111111111111111111111111111111
111111111111111111111111111111111111111177711111111111111111
111111111111111111111111111111111111111111111111111111111111
111111111111111111111111111111111111111111111111111111111111
1111111111111111
111111111111111111111111111111111111111111111111111111111111
111111111111111111111111111111111111111177711111111111111111
111111111111111111111111111111111111111111111111111111111111
111111111111111111111111111111111111111111111111111111111111
1111111111111111
111111111111111111111111111111111111111111111111111111111111
111111111111111111111111111111111111111177711111111111111111
111111111111111111111111111111111111111111111111111111111111
111111111111111111111111111111111111111111111111111111111111
1111111111111111
111111111111111111111111111111111111111111111111111111111111
111111111111111111111111111111111111111177711111111111111111
111111111111111111111111111111111111111111111111111111111111
111111111111111111111111111111111111111111111111111111111111
1111111111111111
111111111111111111111111111111111111111111111111111111111111
111111111111111111111111111111111111111177711111111111111111
111111111111111111111111111111111111111111111111111111111111
111111111111111111111111111111111111111111111111111111111111
1111111111111111
111111111111111111111111111111111111111111111111111111111111
111111111111111111111111111111111111111177711111111111111111
111111111111111111111111111111111111111111111111111111111111
111111111111111111111111111111111111111111111111111111111111
1111111111111111
111111111111111111111111111111111111111111111111111111111111
111111111111111111111111111111111111111177711111111111111111
111111111111111111111111111111111111111111111111111111111111
111111111111111111111111111111111111111111111111111111111111
1111111111111111
111111111111111111111111111111111111111111111111111111111111
111111111111111111111111111111111111111177711111111111111111
111111111111111111111111111111111111111111111111111111111111
111111111111111111111111111111111111111111111111111111111111
1111111111111111
111111111111111111111111111111111111111111111111111111111111
111111111111111111111111111111111111111177711111111111111111
111111111111111111111111111111111111111111111111111111111111
111111111111111111111111111111111111111111111111111111111111
1111111111111111
111111111111111111111111111111111111111111111111111111111111
111111111111111111111111111111111111111177711111111111111111
111111111111111111111111111111111111111111111111111111111111
111111111111111111111111111111111111111111111111111111111111
1111111111111111
111111111111111111111111111111111111111111111111111111111111
111111111111111111111111111111111111111177711111111111111111
111111111111111111111111111111111111111111111111111111111111
111111111111111111111111111111111111111111111111111111111111
1111111111111111
111111111111111111111111111111111111111111111111111111111111
111111111111111111111111111111111111111177711111111111111111
111111111111111111111111111111111111111111111111111111111111
111111111111111111111111111111111111111111111111111111111111
1111111111111111
111111111111111111111111111111111111111111111111111111111111
111111111111111111111111111111111111111177711111111111111111
111111111111111111111111111111111111111111111111111111111111
111111111111111111111111111111111111111111111111111111111111
1111111111111111
111111111111111111111111111111111111111111111111111111111111
111111111111111111111111111111111111111177711111111111111111
111111111111111111111111111111111111111111111111111111111111
111111111111111111111111111111111111111111111111111111111111
1111111111111111
111111111111111111111111111111111111111111111111111111111111
111111111111111111111111111111111111111177711111111111111111
111111111111111111111111111111111111111111111111111111111111
111111111111111111111111111111111111111111111111111111111111
1111111111111111
111111111111111111111111111111111111111111111111111111111111
111111111111111111111111111111111111111177711111111111111111
111111111111111111111111111111111111111111111111111111111111
111111111111111111111111111111111111111111111111111111111111
1111111111111111
111111111111111111111111111111111111111111111111111111111111
111111111111111111111111111111111111111177711111111111111111
111111111111111111111111111111111111111111111111111111111111
111111111111111111111111111111111111111111111111111111111111
1111111111111111
111111111111111111111111111111111111111111111111111111111111
111111111111111111111111111111111111111177711111111111111111
111111111111111111111111111111111111111111111111111111111111
111111111111111111111111111111111111111111111111111111111111
1111111111111111
111111111111111111111111111111111111111111111111111111111111
111111111111111111111111111111111111111177711111111111111111
111111111111111111111111111111111111111111111111111111111111
111111111111111111111111111111111111111111111111111111111111
1111111111111111
111111111111111111111111111111111111111111111111111111111111
111111111111111111111111111111111111111177711111111111111111
111111111111111111111111111111111111111111111111111111111111
111111111111111111111111111111111111111111111111111111111111
1111111111111111
111111111111111111111111111111111111111111111111111111111111
111111111111111111111111111111111111111177711111111111111111
111111111111111111111111111111111111111111111111111111111111
111111111111111111111111111111111111111111111111111111111111
1111111111111111
111111111111111111111111111111111111111111111111111111111111
111111111111111111111111111111111111111177711111111111111111
111111111111111111111111111111111111111111111111111111111111
111111111111111111111111111111111111111111111111111111111111
1111111111111111
111111111111111111111111111111111111111111111111111111111111
111111111111111111111111111111111111111177771111111111111111
111111111111111111111111111111111111111111111111111111111111
111111111111111111111111111111111111111111111111111111111111
1111111111111111
111111111111111111111111111111111111111111111111111111111111
111111111111111111111111111111111111111177771111111111111111
111111111111111111111111111111111111111111111111111111111111
111111111111111111111111111111111111111111111111111111111111
1111111111111111
111111111111111111111111111111111111111111111111111111111111
111111111111111111111111111111111111111117771111111111111111
111111111111111111111111111111111111111111111111111111111111
111111111111111111111111111111111111111111111111111111111111
1111111111111111
111111111111111111111111111111111111111111111111111111111111
111111111111111111111111111111111111111117771111111111111111
111111111111111111111111111111111111111111111111111111111111
111111111111111111111111111111111111111111111111111111111111
1111111111111111
111111111111111111111111111111111111111111111111111111111111
111111111111111111111111111111111111111117771111111111111111
111111111111111111111111111111111111111111111111111111111111
111111111111111111111111111111111111111111111111111111111111
1111111111111111
111111111111111111111111111111111111111111111111111111111111
111111111111111111111111111111111111111117771111111111111111
111111111111111111111111111111111111111111111111111111111111
111111111111111111111111111111111111111111111111111111111111
1111111111111111
111111111111111111111111111111111111111111111111111111111111
111111111111111111111111111111111111111117771111111111111111
111111111111111111111111111111111111111111111111111111111111
111111111111111111111111111111111111111111111111111111111111
1111111111111111
111111111111111111111111111111111111111111111111111111111111
111111111111111111111111111111111111111117771111111111111111
111111111111111111111111111111111111111111111111111111111111
111111111111111111111111111111111111111111111111111111111111
1111111111111111
111111111111111111111111111111111111111111111111111111111111
111111111111111111111111111111111111111117771111111111111111
111111111111111111111111111111111111111111111111111111111111
111111111111111111111111111111111111111111111111111111111111
1111111111111111
111111111111111111111111111111111111111111111111111111111111
111111111111111111111111111111111111111117771111111111111111
111111111111111111111111111111111111111111111111111111111111
111111111111111111111111111111111111111111111111111111111111
1111111111111111
111111111111111111111111111111111111111111111111111111111111
111111111111111111111111111111111111111117771111111111111111
111111111111111111111111111111111111111111111111111111111111
111111111111111111111111111111111111111111111111111111111111
1111111111111111
111111111111111111111111111111111111111111111111111111111111
111111111111111111111111111111111111111117771111111111111111
111111111111111111111111111111111111111111111111111111111111
111111111111111111111111111111111111111111111111111111111111
1111111111111111
111111111111111111111111111111111111111111111111111111111111
111111111111111111111111111111111111111117771111111111111111
111111111111111111111111111111111111111111111111111111111111
111111111111111111111111111111111111111111111111111111111111
1111111111111111
111111111111111111111111111111111111111111111111111111111111
111111111111111111111111111111111111111117771111111111111111
111111111111111111111111111111111111111111111111111111111111
111111111111111111111111111111111111111111111111111111111111
1111111111111111
111111111111111111111111111111111111111111111111111111111111
111111111111111111111111111111111111111117771111111111111111
111111111111111111111111111111111111111111111111111111111111
111111111111111111111111111111111111111111111111111111111111
1111111111111111
111111111111111111111111111111111111111111111111111111111111
111111111111111111111111111111111111111117771111111111111111
111111111111111111111111111111111111111111111111111111111111
111111111111111111111111111111111111111111111111111111111111
1111111111111111
111111111111111111111111111111111111111111111111111111111111
111111111111111111111111111111111111111117771111111111111111
111111111111111111111111111111111111111111111111111111111111
111111111111111111111111111111111111111111111111111111111111
1111111111111111
111111111111111111111111111111111111111111111111111111111111
111111111111111111111111111111111111111117771111111111111111
111111111111111111111111111111111111111111111111111111111111
111111111111111111111111111111111111111111111111111111111111
1111111111111111
111111111111111111111111111111111111111111111111111111111111
111111111111111111111111111111111111111117771111111111111111
111111111111111111111111111111111111111111111111111111111111
111111111111111111111111111111111111111111111111111111111111
1111111111111111
111111111111111111111111111111111111111111111111111111111111
111111111111111111111111111111111111111117771111111111111111
111111111111111111111111111111111111111111111111111111111111
111111111111111111111111111111111111111111111111111111111111
1111111111111111
111111111111111111111111111111111111111111111111111111111111
111111111111111111111111111111111111111117771111111111111111
111111111111111111111111111111111111111111111111111111111111
111111111111111111111111111111111111111111111111111111111111
1111111111111111
111111111111111111111111111111111111111111111111111111111111
111111111111111111111111111111111111111117771111111111111111
111111111111111111111111111111111111111111111111111111111111
111111111111111111111111111111111111111111111111111111111111
1111111111111111
111111111111111111111111111111111111111111111111111111111111
111111111111111111111111111111111111111117771111111111111111
111111111111111111111111111111111111111111111111111111111111
111111111111111111111111111111111111111111111111111111111111
1111111111111111
111111111111111111111111111111111111111111111111111111111111
111111111111111111111111111111111111111117771111111111111111
111111111111111111111111111111111111111111111111111111111111
111111111111111111111111111111111111111111111111111111111111
1111111111111111
111111111111111111111111111111111111111111111111111111111111
111111111111111111111111111111111111111117771111111111111111
111111111111111111111111111111111111111111111111111111111111
111111111111111111111111111111111111111111111111111111111111
1111111111111111
111111111111111111111111111111111111111111111111111111111111
111111111111111111111111111111111111111117777111111111111111
111111111111111111111111111111111111111111111111111111111111
111111111111111111111111111111111111111111111111111111111111
1111111111111111
111111111111111111111111111111111111111111111111111111111111
111111111111111111111111111111111111111117777111111111111111
111111111111111111111111111111111111111111111111111111111111
111111111111111111111111111111111111111111111111111111111111
1111111111111111
111111111111111111111111111111111111111111111111111111111111
111111111111111111111111111111111111111111777111111111111111
111111111111111111111111111111111111111111111111111111111111
111111111111111111111111111111111111111111111111111111111111
1111111111111111
111111111111111111111111111111111111111111111111111111111111
111111111111111111111111111111111111111111777111111111111111
111111111111111111111111111111111111111111111111111111111111
111111111111111111111111111111111111111111111111111111111111
1111111111111111
111111111111111111111111111111111111111111111111111111111111
111111111111111111111111111111111111111111777111111111111111
111111111111111111111111111111111111111111111111111111111111
111111111111111111111111111111111111111111111111111111111111
1111111111111111
111111111111111111111111111111111111111111111111111111111111
111111111111111111111111111111111111111111777111111111111111
111111111111111111111111111111111111111111111111111111111111
111111111111111111111111111111111111111111111111111111111111
1111111111111111
111111111111111111111111111111111111111111111111111111111111
111111111111111111111111111111111111111111777111111111111111
111111111111111111111111111111111111111111111111111111111111
111111111111111111111111111111111111111111111111111111111111
1111111111111111
111111111111111111111111111111111111111111111111111111111111
111111111111111111111111111111111111111111777111111111111111
111111111111111111111111111111111111111111111111111111111111
111111111111111111111111111111111111111111111111111111111111
1111111111111111
111111111111111111111111111111111111111111111111111111111111
111111111111111111111111111111111111111111777111111111111111
111111111111111111111111111111111111111111111111111111111111
111111111111111111111111111111111111111111111111111111111111
1111111111111111
111111111111111111111111111111111111111111111111111111111111
111111111111111111111111111111111111111111777111111111111111
111111111111111111111111111111111111111111111111111111111111
111111111111111111111111111111111111111111111111111111111111
1111111111111111
111111111111111111111111111111111111111111111111111111111111
111111111111111111111111111111111111111111777111111111111111
111111111111111111111111111111111111111111111111111111111111
111111111111111111111111111111111111111111111111111111111111
1111111111111111
111111111111111111111111111111111111111111111111111111111111
111111111111111111111111111111111111111111777111111111111111
111111111111111111111111111111111111111111111111111111111111
111111111111111111111111111111111111111111111111111111111111
1111111111111111
111111111111111111111111111111111111111111111111111111111111
111111111111111111111111111111111111111111777111111111111111
111111111111111111111111111111111111111111111111111111111111
111111111111111111111111111111111111111111111111111111111111
1111111111111111
111111111111111111111111111111111111111111111111111111111111
111111111111111111111111111111111111111111777111111111111111
111111111111111111111111111111111111111111111111111111111111
111111111111111111111111111111111111111111111111111111111111
1111111111111111
111111111111111111111111111111111111111111111111111111111111
111111111111111111111111111111111111111111777111111111111111
111111111111111111111111111111111111111111111111111111111111
111111111111111111111111111111111111111111111111111111111111
1111111111111111
111111111111111111111111111111111111111111111111111111111111
111111111111111111111111111111111111111111777111111111111111
111111111111111111111111111111111111111111111111111111111111
111111111111111111111111111111111111111111111111111111111111
1111111111111111
111111111111111111111111111111111111111111111111111111111111
111111111111111111111111111111111111111111777111111111111111
111111111111111111111111111111111111111111111111111111111111
111111111111111111111111111111111111111111111111111111111111
1111111111111111
111111111111111111111111111111111111111111111111111111111111
111111111111111111111111111111111111111111777111111111111111
111111111111111111111111111111111111111111111111111111111111
111111111111111111111111111111111111111111111111111111111111
1111111111111111
111111111111111111111111111111111111111111111111111111111111
111111111111111111111111111111111111111111777111111111111111
111111111111111111111111111111111111111111111111111111111111
111111111111111111111111111111111111111111111111111111111111
1111111111111111
111111111111111111111111111111111111111111111111111111111111
111111111111111111111111111111111111111111777111111111111111
111111111111111111111111111111111111111111111111111111111111
111111111111111111111111111111111111111111111111111111111111
1111111111111111
111111111111111111111111111111111111111111111111111111111111
111111111111111111111111111111111111111111777111111111111111
111111111111111111111111111111111111111111111111111111111111
111111111111111111111111111111111111111111111111111111111111
1111111111111111
111111111111111111111111111111111111111111111111111111111111
111111111111111111111111111111111111111111777111111111111111
111111111111111111111111111111111111111111111111111111111111
111111111111111111111111111111111111111111111111111111111111
1111111111111111
111111111111111111111111111111111111111111111111111111111111
111111111111111111111111111111111111111111777711111111111111
111111111111111111111111111111111111111111111111111111111111
111111111111111111111111111111111111111111111111111111111111
1111111111111111
111111111111111111111111111111111111111111111111111111111111
111111111111111111111111111111111111111111177711111111111111
111111111111111111111111111111111111111111111111111111111111
111111111111111111111111111111111111111111111111111111111111
1111111111111111
111111111111111111111111111111111111111111111111111111111111
111111111111111111111111111111111111111111177711111111111111
111111111111111111111111111111111111111111111111111111111111
111111111111111111111111111111111111111111111111111111111111
1111111111111111
111111111111111111111111111111111111111111111111111111111111
111111111111111111111111111111111111111111177711111111111111
111111111111111111111111111111111111111111111111111111111111
111111111111111111111111111111111111111111111111111111111111
1111111111111111
111111111111111111111111111111111111111111111111111111111111
111111111111111111111111111111111111111111177711111111111111
111111111111111111111111111111111111111111111111111111111111
111111111111111111111111111111111111111111111111111111111111
1111111111111111
111111111111111111111111111111111111111111111111111111111111
111111111111111111111111111111111111111111177711111111111111
111111111111111111111111111111111111111111111111111111111111
111111111111111111111111111111111111111111111111111111111111
1111111111111111
111111111111111111111111111111111111111111111111111111111111
111111111111111111111111111111111111111111177711111111111111
111111111111111111111111111111111111111111111111111111111111
111111111111111111111111111111111111111111111111111111111111
1111111111111111
111111111111111111111111111111111111111111111111111111111111
111111111111111111111111111111111111111111177711111111111111
111111111111111111111111111111111111111111111111111111111111
111111111111111111111111111111111111111111111111111111111111
1111111111111111
111111111111111111111111111111111111111111111111111111111111
111111111111111111111111111111111111111111177711111111111111
111111111111111111111111111111111111111111111111111111111111
111111111111111111111111111111111111111111111111111111111111
1111111111111111
111111111111111111111111111111111111111111111111111111111111
111111111111111111111111111111111111111111177711111111111111
111111111111111111111111111111111111111111111111111111111111
111111111111111111111111111111111111111111111111111111111111
1111111111111111
111111111111111111111111111111111111111111111111111111111111
111111111111111111111111111111111111111111177711111111111111
111111111111111111111111111111111111111111111111111111111111
111111111111111111111111111111111111111111111111111111111111
1111111111111111
111111111111111111111111111111111111111111111111111111111111
111111111111111111111111111111111111111111177711111111111111
111111111111111111111111111111111111111111111111111111111111
111111111111111111111111111111111111111111111111111111111111
1111111111111111
111111111111111111111111111111111111111111111111111111111111
111111111111111111111111111111111111111111177711111111111111
111111111111111111111111111111111111111111111111111111111111
111111111111111111111111111111111111111111111111111111111111
1111111111111111
111111111111111111111111111111111111111111111111111111111111
111111111111111111111111111111111111111111177711111111111111
111111111111111111111111111111111111111111111111111111111111
111111111111111111111111111111111111111111111111111111111111
1111111111111111
111111111111111111111111111111111111111111111111111111111111
111111111111111111111111111111111111111111177711111111111111
111111111111111111111111111111111111111111111111111111111111
111111111111111111111111111111111111111111111111111111111111
1111111111111111
111111111111111111111111111111111111111111111111111111111111
111111111111111111111111111111111111111111177711111111111111
111111111111111111111111111111111111111111111111111111111111
111111111111111111111111111111111111111111111111111111111111
1111111111111111
111111111111111111111111111111111111111111111111111111111111
111111111111111111111111111111111111111111177711111111111111
111111111111111111111111111111111111111111111111111111111111
111111111111111111111111111111111111111111111111111111111111
1111111111111111
111111111111111111111111111111111111111111111111111111111111
111111111111111111111111111111111111111111177711111111111111
111111111111111111111111111111111111111111111111111111111111
111111111111111111111111111111111111111111111111111111111111
1111111111111111
111111111111111111111111111111111111111111111111111111111111
111111111111111111111111111111111111111111177711111111111111
111111111111111111111111111111111111111111111111111111111111
111111111111111111111111111111111111111111111111111111111111
1111111111111111
111111111111111111111111111111111111111111111111111111111111
111111111111111111111111111111111111111111177711111111111111
111111111111111111111111111111111111111111111111111111111111
111111111111111111111111111111111111111111111111111111111111
1111111111111111
111111111111111111111111111111111111111111111111111111111111
111111111111111111111111111111111111111111177711111111111111
111111111111111111111111111111111111111111111111111111111111
111111111111111111111111111111111111111111111111111111111111
1111111111111111
111111111111111111111111111111111111111111111111111111111111
111111111111111111111111111111111111111111117711111111111111
111111111111111111111111111111111111111111111111111111111111
111111111111111111111111111111111111111111111111111111111111
1111111111111111
111111111111111111111111111111111111111111111111111111111111
111111111111111111111111111111111111111111117711111111111111
111111111111111111111111111111111111111111111111111111111111
111111111111111111111111111111111111111111111111111111111111
1111111111111111
111111111111111111111111111111111111111111111111111111111111
111111111111111111111111111111111111111111117771111111111111
111111111111111111111111111111111111111111111111111111111111
111111111111111111111111111111111111111111111111111111111111
1111111111111111
111111111111111111111111111111111111111111111111111111111111
111111111111111111111111111111111111111111117771111111111111
111111111111111111111111111111111111111111111111111111111111
111111111111111111111111111111111111111111111111111111111111
1111111111111111
111111111111111111111111111111111111111111111111111111111111
111111111111111111111111111111111111111111117771111111111111
111111111111111111111111111111111111111111111111111111111111
111111111111111111111111111111111111111111111111111111111111
1111111111111111
111111111111111111111111111111111111111111111111111111111111
111111111111111111111111111111111111111111117771111111111111
111111111111111111111111111111111111111111111111111111111111
111111111111111111111111111111111111111111111111111111111111
1111111111111111
111111111111111111111111111111111111111111111111111111111111
111111111111111111111111111111111111111111117771111111111111
111111111111111111111111111111111111111111111111111111111111
111111111111111111111111111111111111111111111111111111111111
1111111111111111
111111111111111111111111111111111111111111111111111111111111
111111111111111111111111111111111111111111117771111111111111
111111111111111111111111111111111111111111111111111111111111
111111111111111111111111111111111111111111111111111111111111
1111111111111111
111111111111111111111111111111111111111111111111111111111111
111111111111111111111111111111111111111111117771111111111111
111111111111111111111111111111111111111111111111111111111111
111111111111111111111111111111111111111111111111111111111111
1111111111111111
111111111111111111111111111111111111111111111111111111111111
111111111111111111111111111111111111111111117771111111111111
111111111111111111111111111111111111111111111111111111111111
111111111111111111111111111111111111111111111111111111111111
1111111111111111
111111111111111111111111111111111111111111111111111111111111
111111111111111111111111111111111111111111117771111111111111
111111111111111111111111111111111111111111111111111111111111
111111111111111111111111111111111111111111111111111111111111
1111111111111111
111111111111111111111111111111111111111111111111111111111111
111111111111111111111111111111111111111111117771111111111111
111111111111111111111111111111111111111111111111111111111111
111111111111111111111111111111111111111111111111111111111111
1111111111111111
111111111111111111111111111111111111111111111111111111111111
111111111111111111111111111111111111111111117771111111111111
111111111111111111111111111111111111111111111111111111111111
111111111111111111111111111111111111111111111111111111111111
1111111111111111
111111111111111111111111111111111111111111111111111111111111
111111111111111111111111111111111111111111117771111111111111
111111111111111111111111111111111111111111111111111111111111
111111111111111111111111111111111111111111111111111111111111
1111111111111111
111111111111111111111111111111111111111111111111111111111111
111111111111111111111111111111111111111111117771111111111111
111111111111111111111111111111111111111111111111111111111111
111111111111111111111111111111111111111111111111111111111111
1111111111111111
111111111111111111111111111111111111111111111111111111111111
111111111111111111111111111111111111111111117771111111111111
111111111111111111111111111111111111111111111111111111111111
111111111111111111111111111111111111111111111111111111111111
1111111111111111
111111111111111111111111111111111111111111111111111111111111
111111111111111111111111111111111111111111117771111111111111
111111111111111111111111111111111111111111111111111111111111
111111111111111111111111111111111111111111111111111111111111
1111111111111111
111111111111111111111111111111111111111111111111111111111111
111111111111111111111111111111111111111111111771111111111111
111111111111111111111111111111111111111111111111111111111111
111111111111111111111111111111111111111111111111111111111111
1111111111111111
111111111111111111111111111111111111111111111111111111111111
111111111111111111111111111111111111111111111771111111111111
111111111111111111111111111111111111111111111111111111111111
111111111111111111111111111111111111111111111111111111111111
1111111111111111
111111111111111111111111111111111111111111111111111111111111
111111111111111111111111111111111111111111111771111111111111
111111111111111111111111111111111111111111111111111111111111
111111111111111111111111111111111111111111111111111111111111
1111111111111111
111111111111111111111111111111111111111111111111111111111111
111111111111111111111111111111111111111111111771111111111111
111111111111111111111111111111111111111111111111111111111111
111111111111111111111111111111111111111111111111111111111111
1111111111111111
111111111111111111111111111111111111111111111111111111111111
111111111111111111111111111111111111111111111777111111111111
111111111111111111111111111111111111111111111111111111111111
111111111111111111111111111111111111111111111111111111111111
1111111111111111
111111111111111111111111111111111111111111111111111111111111
111111111111111111111111111111111111111111111777111111111111
111111111111111111111111111111111111111111111111111111111111
111111111111111111111111111111111111111111111111111111111111
1111111111111111
111111111111111111111111111111111111111111111111111111111111
111111111111111111111111111111111111111111111777111111111111
111111111111111111111111111111111111111111111111111111111111
111111111111111111111111111111111111111111111111111111111111
1111111111111111
111111111111111111111111111111111111111111111111111111111111
111111111111111111111111111111111111111111111777111111111111
111111111111111111111111111111111111111111111111111111111111
111111111111111111111111111111111111111111111111111111111111
1111111111111111
111111111111111111111111111111111111111111111111111111111111
111111111111111111111111111111111111111111111777111111111111
111111111111111111111111111111111111111111111111111111111111
111111111111111111111111111111111111111111111111111111111111
1111111111111111
111111111111111111111111111111111111111111111111111111111111
111111111111111111111111111111111111111111111777111111111111
111111111111111111111111111111111111111111111111111111111111
111111111111111111111111111111111111111111111111111111111111
1111111111111111
111111111111111111111111111111111111111111111111111111111111
111111111111111111111111111111111111111111111777111111111111
111111111111111111111111111111111111111111111111111111111111
111111111111111111111111111111111111111111111111111111111111
1111111111111111
111111111111111111111111111111111111111111111111111111111111
111111111111111111111111111111111111111111111777111111111111
111111111111111111111111111111111111111111111111111111111111
111111111111111111111111111111111111111111111111111111111111
1111111111111111
111111111111111111111111111111111111111111111111111111111111
111111111111111111111111111111111111111111111777111111111111
111111111111111111111111111111111111111111111111111111111111
111111111111111111111111111111111111111111111111111111111111
1111111111111111
111111111111111111111111111111111111111111111111111111111111
111111111111111111111111111111111111111111111777111111111111
111111111111111111111111111111111111111111111111111111111111
111111111111111111111111111111111111111111111111111111111111
1111111111111111
111111111111111111111111111111111111111111111111111111111111
111111111111111111111111111111111111111111111777111111111111
111111111111111111111111111111111111111111111111111111111111
111111111111111111111111111111111111111111111111111111111111
1111111111111111
111111111111111111111111111111111111111111111111111111111111
111111111111111111111111111111111111111111111177111111111111
111111111111111111111111111111111111111111111111111111111111
111111111111111111111111111111111111111111111111111111111111
1111111111111111
111111111111111111111111111111111111111111111111111111111111
111111111111111111111111111111111111111111111177111111111111
111111111111111111111111111111111111111111111111111111111111
111111111111111111111111111111111111111111111111111111111111
1111111111111111
111111111111111111111111111111111111111111111111111111111111
111111111111111111111111111111111111111111111177111111111111
111111111111111111111111111111111111111111111111111111111111
111111111111111111111111111111111111111111111111111111111111
1111111111111111
111111111111111111111111111111111111111111111111111111111111
111111111111111111111111111111111111111111111177111111111111
111111111111111111111111111111111111111111111111111111111111
111111111111111111111111111111111111111111111111111111111111
1111111111111111
111111111111111111111111111111111111111111111111111111111111
111111111111111111111111111111111111111111111177111111111111
111111111111111111111111111111111111111111111111111111111111
111111111111111111111111111111111111111111111111111111111111
1111111111111111
111111111111111111111111111111111111111111111111111111111111
111111111111111111111111111111111111111111111177111111111111
111111111111111111111111111111111111111111111111111111111111
111111111111111111111111111111111111111111111111111111111111
1111111111111111
111111111111111111111111111111111111111111111111111111111111
111111111111111111111111111111111111111111111177711111111111
111111111111111111111111111111111111111111111111111111111111
111111111111111111111111111111111111111111111111111111111111
1111111111111111
111111111111111111111111111111111111111111111111111111111111
111111111111111111111111111111111111111111111177711111111111
111111111111111111111111111111111111111111111111111111111111
111111111111111111111111111111111111111111111111111111111111
1111111111111111
111111111111111111111111111111111111111111111111111111111111
111111111111111111111111111111111111111111111177711111111111
111111111111111111111111111111111111111111111111111111111111
111111111111111111111111111111111111111111111111111111111111
1111111111111111
111111111111111111111111111111111111111111111111111111111111
111111111111111111111111111111111111111111111177711111111111
111111111111111111111111111111111111111111111111111111111111
111111111111111111111111111111111111111111111111111111111111
1111111111111111
111111111111111111111111111111111111111111111111111111111111
111111111111111111111111111111111111111111111177711111111111
111111111111111111111111111111111111111111111111111111111111
111111111111111111111111111111111111111111111111111111111111
1111111111111111
111111111111111111111111111111111111111111111111111111111111
111111111111111111111111111111111111111111111177711111111111
111111111111111111111111111111111111111111111111111111111111
111111111111111111111111111111111111111111111111111111111111
1111111111111111
111111111111111111111111111111111111111111111111111111111111
111111111111111111111111111111111111111111111177711111111111
111111111111111111111111111111111111111111111111111111111111
111111111111111111111111111111111111111111111111111111111111
1111111111111111
111111111111111111111111111111111111111111111111111111111111
111111111111111111111111111111111111111111111177711111111111
111111111111111111111111111111111111111111111111111111111111
111111111111111111111111111111111111111111111111111111111111
1111111111111111
111111111111111111111111111111111111111111111111111111111111
111111111111111111111111111111111111111111111117711111111111
111111111111111111111111111111111111111111111111111111111111
111111111111111111111111111111111111111111111111111111111111
1111111111111111
111111111111111111111111111111111111111111111111111111111111
111111111111111111111111111111111111111111111117711111111111
111111111111111111111111111111111111111111111111111111111111
111111111111111111111111111111111111111111111111111111111111
1111111111111111
111111111111111111111111111111111111111111111111111111111111
111111111111111111111111111111111111111111111117711111111111
111111111111111111111111111111111111111111111111111111111111
111111111111111111111111111111111111111111111111111111111111
1111111111111111
111111111111111111111111111111111111111111111111111111111111
111111111111111111111111111111111111111111111117711111111111
111111111111111111111111111111111111111111111111111111111111
111111111111111111111111111111111111111111111111111111111111
1111111111111111
111111111111111111111111111111111111111111111111111111111111
111111111111111111111111111111111111111111111117711111111111
111111111111111111111111111111111111111111111111111111111111
111111111111111111111111111111111111111111111111111111111111
1111111111111111
111111111111111111111111111111111111111111111111111111111111
111111111111111111111111111111111111111111111117711111111111
111111111111111111111111111111111111111111111111111111111111
111111111111111111111111111111111111111111111111111111111111
1111111111111111
111111111111111111111111111111111111111111111111111111111111
111111111111111111111111111111111111111111111117711111111111
111111111111111111111111111111111111111111111111111111111111
111111111111111111111111111111111111111111111111111111111111
1111111111111111
111111111111111111111111111111111111111111111111111111111111
111111111111111111111111111111111111111111111117771111111111
111111111111111111111111111111111111111111111111111111111111
111111111111111111111111111111111111111111111111111111111111
1111111111111111
111111111111111111111111111111111111111111111111111111111111
111111111111111111111111111111111111111111111117771111111111
111111111111111111111111111111111111111111111111111111111111
111111111111111111111111111111111111111111111111111111111111
1111111111111111
111111111111111111111111111111111111111111111111111111111111
111111111111111111111111111111111111111111111117771111111111
111111111111111111111111111111111111111111111111111111111111
111111111111111111111111111111111111111111111111111111111111
1111111111111111
111111111111111111111111111111111111111111111111111111111111
111111111111111111111111111111111111111111111117771111111111
111111111111111111111111111111111111111111111111111111111111
111111111111111111111111111111111111111111111111111111111111
1111111111111111
111111111111111111111111111111111111111111111111111111111111
111111111111111111111111111111111111111111111117771111111111
111111111111111111111111111111111111111111111111111111111111
111111111111111111111111111111111111111111111111111111111111
1111111111111111
111111111111111111111111111111111111111111111111111111111111
111111111111111111111111111111111111111111111111771111111111
111111111111111111111111111111111111111111111111111111111111
111111111111111111111111111111111111111111111111111111111111
1111111111111111
111111111111111111111111111111111111111111111111111111111111
111111111111111111111111111111111111111111111111771111111111
111111111111111111111111111111111111111111111111111111111111
111111111111111111111111111111111111111111111111111111111111
1111111111111111
111111111111111111111111111111111111111111111111111111111111
111111111111111111111111111111111111111111111111771111111111
111111111111111111111111111111111111111111111111111111111111
111111111111111111111111111111111111111111111111111111111111
1111111111111111
111111111111111111111111111111111111111111111111111111111111
111111111111111111111111111111111111111111111111771111111111
111111111111111111111111111111111111111111111111111111111111
111111111111111111111111111111111111111111111111111111111111
1111111111111111
111111111111111111111111111111111111111111111111111111111111
111111111111111111111111111111111111111111111111771111111111
111111111111111111111111111111111111111111111111111111111111
111111111111111111111111111111111111111111111111111111111111
1111111111111111
111111111111111111111111111111111111111111111111111111111111
111111111111111111111111111111111111111111111111771111111111
111111111111111111111111111111111111111111111111111111111111
111111111111111111111111111111111111111111111111111111111111
1111111111111111
111111111111111111111111111111111111111111111111111111111111
111111111111111111111111111111111111111111111111771111111111
111111111111111111111111111111111111111111111111111111111111
111111111111111111111111111111111111111111111111111111111111
1111111111111111
111111111111111111111111111111111111111111111111111111111111
111111111111111111111111111111111111111111111111771111111111
111111111111111111111111111111111111111111111111111111111111
111111111111111111111111111111111111111111111111111111111111
1111111111111111
111111111111111111111111111111111111111111111111111111111111
111111111111111111111111111111111111111111111111777111111111
111111111111111111111111111111111111111111111111111111111111
111111111111111111111111111111111111111111111111111111111111
1111111111111111
111111111111111111111111111111111111111111111111111111111111
111111111111111111111111111111111111111111111111777111111111
111111111111111111111111111111111111111111111111111111111111
111111111111111111111111111111111111111111111111111111111111
1111111111111111
111111111111111111111111111111111111111111111111111111111111
111111111111111111111111111111111111111111111111177111111111
111111111111111111111111111111111111111111111111111111111111
111111111111111111111111111111111111111111111111111111111111
1111111111111111
111111111111111111111111111111111111111111111111111111111111
111111111111111111111111111111111111111111111111177111111111
111111111111111111111111111111111111111111111111111111111111
111111111111111111111111111111111111111111111111111111111111
1111111111111111
111111111111111111111111111111111111111111111111111111111111
111111111111111111111111111111111111111111111111177111111111
111111111111111111111111111111111111111111111111111111111111
111111111111111111111111111111111111111111111111111111111111
1111111111111111
111111111111111111111111111111111111111111111111111111111111
111111111111111111111111111111111111111111111111177111111111
111111111111111111111111111111111111111111111111111111111111
111111111111111111111111111111111111111111111111111111111111
1111111111111111
111111111111111111111111111111111111111111111111111111111111
111111111111111111111111111111111111111111111111177111111111
111111111111111111111111111111111111111111111111111111111111
111111111111111111111111111111111111111111111111111111111111
1111111111111111
111111111111111111111111111111111111111111111111111111111111
111111111111111111111111111111111111111111111111177111111111
111111111111111111111111111111111111111111111111111111111111
111111111111111111111111111111111111111111111111111111111111
1111111111111111
111111111111111111111111111111111111111111111111111111111111
111111111111111111111111111111111111111111111111177111111111
111111111111111111111111111111111111111111111111111111111111
111111111111111111111111111111111111111111111111111111111111
1111111111111111
111111111111111111111111111111111111111111111111111111111111
111111111111111111111111111111111111111111111111177111111111
111111111111111111111111111111111111111111111111111111111111
111111111111111111111111111111111111111111111111111111111111
1111111111111111
111111111111111111111111111111111111111111111111111111111111
111111111111111111111111111111111111111111111111177111111111
111111111111111111111111111111111111111111111111111111111111
111111111111111111111111111111111111111111111111111111111111
1111111111111111
111111111111111111111111111111111111111111111111111111111111
111111111111111111111111111111111111111111111111117711111111
111111111111111111111111111111111111111111111111111111111111
111111111111111111111111111111111111111111111111111111111111
1111111111111111
111111111111111111111111111111111111111111111111111111111111
111111111111111111111111111111111111111111111111117711111111
111111111111111111111111111111111111111111111111111111111111
111111111111111111111111111111111111111111111111111111111111
1111111111111111
111111111111111111111111111111111111111111111111111111111111
111111111111111111111111111111111111111111111111117711111111
111111111111111111111111111111111111111111111111111111111111
111111111111111111111111111111111111111111111111111111111111
1111111111111111
111111111111111111111111111111111111111111111111111111111111
111111111111111111111111111111111111111111111111117711111111
111111111111111111111111111111111111111111111111111111111111
111111111111111111111111111111111111111111111111111111111111
1111111111111111
111111111111111111111111111111111111111111111111111111111111
111111111111111111111111111111111111111111111111117711111111
111111111111111111111111111111111111111111111111111111111111
111111111111111111111111111111111111111111111111111111111111
1111111111111111
111111111111111111111111111111111111111111111111111111111111
111111111111111111111111111111111111111111111111117711111111
111111111111111111111111111111111111111111111111111111111111
111111111111111111111111111111111111111111111111111111111111
1111111111111111
111111111111111111111111111111111111111111111111111111111111
111111111111111111111111111111111111111111111111117711111111
111111111111111111111111111111111111111111111111111111111111
111111111111111111111111111111111111111111111111111111111111
1111111111111111
111111111111111111111111111111111111111111111111111111111111
111111111111111111111111111111111111111111111111111711111111
111111111111111111111111111111111111111111111111111111111111
111111111111111111111111111111111111111111111111111111111111
1111111111111111
111111111111111111111111111111111111111111111111111111111111
111111111111111111111111111111111111111111111111111711111111
111111111111111111111111111111111111111111111111111111111111
111111111111111111111111111111111111111111111111111111111111
1111111111111111
111111111111111111111111111111111111111111111111111111111111
111111111111111111111111111111111111111111111111111771111111
111111111111111111111111111111111111111111111111111111111111
111111111111111111111111111111111111111111111111111111111111
1111111111111111
111111111111111111111111111111111111111111111111111111111111
111111111111111111111111111111111111111111111111111771111111
111111111111111111111111111111111111111111111111111111111111
111111111111111111111111111111111111111111111111111111111111
1111111111111111
111111111111111111111111111111111111111111111111111111111111
111111111111111111111111111111111111111111111111111771111111
111111111111111111111111111111111111111111111111111111111111
111111111111111111111111111111111111111111111111111111111111
1111111111111111
111111111111111111111111111111111111111111111111111111111111
111111111111111111111111111111111111111111111111111171111111
111111111111111111111111111111111111111111111111111111111111
111111111111111111111111111111111111111111111111111111111111
1111111111111111
111111111111111111111111111111111111111111111111111111111111
111111111111111111111111111111111111111111111111111171111111
111111111111111111111111111111111111111111111111111111111111
111111111111111111111111111111111111111111111111111111111111
1111111111111111
111111111111111111111111111111111111111111111111111111111111
111111111111111111111111111111111111111111111111111171111111
111111111111111111111111111111111111111111111111111111111111
111111111111111111111111111111111111111111111111111111111111
1111111111111111
111111111111111111111111111111111111111111111111111111111111
111111111111111111111111111111111111111111111111111177111111
111111111111111111111111111111111111111111111111111111111111
111111111111111111111111111111111111111111111111111111111111
1111111111111111
111111111111111111111111111111111111111111111111111111111111
111111111111111111111111111111111111111111111111111117111111
111111111111111111111111111111111111111111111111111111111111
111111111111111111111111111111111111111111111111111111111111
1111111111111111
111111111111111111111111111111111111111111111111111111111111
111111111111111111111111111111111111111111111111111117111111
111111111111111111111111111111111111111111111111111111111111
111111111111111111111111111111111111111111111111111111111111
1111111111111111
111111111111111111111111111111111111111111111111111111111111
111111111111111111111111111111111111111111111111111117111111
111111111111111111111111111111111111111111111111111111111111
111111111111111111111111111111111111111111111111111111111111
1111111111111111
111111111111111111111111111111111111111111111111111111111111
111111111111111111111111111111111111111111111111111117111111
111111111111111111111111111111111111111111111111111111111111
111111111111111111111111111111111111111111111111111111111111
1111111111111111
