 0.1000000E-05 0.9804918E-02 0.1960884E-01 0.2941275E-01 0.3921667E-01
 0.4902059E-01 0.5882451E-01 0.6862842E-01 0.7843234E-01 0.8823626E-01
 0.9804018E-01 0.1078441E+00 0.1176480E+00 0.1274519E+00 0.1372558E+00
 0.1470598E+00 0.1568637E+00 0.1666676E+00 0.1764715E+00 0.1862754E+00
 0.1960794E+00 0.2058833E+00 0.2156872E+00 0.2254911E+00 0.2352950E+00
 0.2450989E+00 0.2549029E+00 0.2647068E+00 0.2745107E+00 0.2843146E+00
 0.2930000E+00 0.3039224E+00 0.3137264E+00 0.3235303E+00 0.3333342E+00
 0.3431381E+00 0.3529420E+00 0.3627460E+00 0.3725499E+00 0.3823538E+00
 0.3921577E+00 0.4019616E+00 0.4117655E+00 0.4215695E+00 0.4313734E+00
 0.4411773E+00 0.4509812E+00 0.4607851E+00 0.4705890E+00 0.4803930E+00
 0.4901969E+00 0.5000008E+00 0.5098047E+00 0.5196086E+00 0.5294126E+00
 0.5392165E+00 0.5490204E+00 0.5588243E+00 0.5686282E+00 0.5784321E+00
 0.5882361E+00 0.5980400E+00 0.6078439E+00 0.6176478E+00 0.6274517E+00
 0.6372556E+00 0.6470596E+00 0.6568635E+00 0.6666674E+00 0.6764713E+00
 0.6862752E+00 0.6960792E+00 0.7058831E+00 0.7156870E+00 0.7254909E+00
 0.7352948E+00 0.7450987E+00 0.7549027E+00 0.7647066E+00 0.7745105E+00
 0.7843144E+00 0.7941183E+00 0.8039222E+00 0.8137262E+00 0.8235301E+00
 0.8333340E+00 0.8431379E+00 0.8529418E+00 0.8627458E+00 0.8725497E+00
 0.8823536E+00 0.8921575E+00 0.9019614E+00 0.9117653E+00 0.9215693E+00
 0.9313732E+00 0.9411771E+00 0.9509810E+00 0.9607849E+00 0.9705888E+00
 0.9803928E+00 0.9901967E+00 0.1000001E+01 0.1009805E+01 0.1019608E+01
 0.1029412E+01 0.1039216E+01 0.1049020E+01 0.1058824E+01 0.1068628E+01
 0.1078432E+01 0.1088236E+01 0.1098040E+01 0.1107844E+01 0.1117648E+01
 0.1127452E+01 0.1137255E+01 0.1147059E+01 0.1156863E+01 0.1166667E+01
 0.1176471E+01 0.1186275E+01 0.1196079E+01 0.1205883E+01 0.1215687E+01
 0.1225491E+01 0.1235295E+01 0.1245099E+01 0.1254902E+01 0.1264706E+01
 0.1274510E+01 0.1284314E+01 0.1294118E+01 0.1303922E+01 0.1313726E+01
 0.1323530E+01 0.1333334E+01 0.1343138E+01 0.1352942E+01 0.1362746E+01
 0.1372549E+01 0.1382353E+01 0.1392157E+01 0.1401961E+01 0.1411765E+01
 0.1421569E+01 0.1431373E+01 0.1441177E+01 0.1450981E+01 0.1460785E+01
 0.1470589E+01 0.1480393E+01 0.1490196E+01 0.1500000E+01 0.1509804E+01
 0.1519608E+01 0.1529412E+01 0.1539216E+01 0.1549020E+01 0.1558824E+01
 0.1568628E+01 0.1578432E+01 0.1588236E+01 0.1598040E+01 0.1607843E+01
 0.1617647E+01 0.1627451E+01 0.1637255E+01 0.1647059E+01 0.1656863E+01
 0.1666667E+01 0.1676471E+01 0.1686275E+01 0.1696079E+01 0.1705883E+01
 0.1715687E+01 0.1725491E+01 0.1735294E+01 0.1745098E+01 0.1754902E+01
 0.1764706E+01 0.1774510E+01 0.1784314E+01 0.1794118E+01 0.1803922E+01
 0.1813726E+01 0.1823530E+01 0.1833334E+01 0.1843138E+01 0.1852941E+01
 0.1862745E+01 0.1872549E+01 0.1882353E+01 0.1892157E+01 0.1901961E+01
 0.1911765E+01 0.1921569E+01 0.1931373E+01 0.1941177E+01 0.1950981E+01
 0.1960785E+01 0.1970588E+01 0.1980392E+01 0.1990196E+01 0.2000000E+01
 0.2009804E+01 0.2019608E+01 0.2029412E+01 0.2039216E+01 0.2049020E+01
 0.2058824E+01 0.2068628E+01 0.2078432E+01 0.2088235E+01 0.2098039E+01
 0.2107843E+01 0.2117647E+01 0.2127451E+01 0.2137255E+01 0.2147059E+01
 0.2156863E+01 0.2166667E+01 0.2176471E+01 0.2186275E+01 0.2196079E+01
 0.2205882E+01 0.2215686E+01 0.2225490E+01 0.2235294E+01 0.2245098E+01
 0.2254902E+01 0.2264706E+01 0.2274510E+01 0.2284314E+01 0.2294118E+01
 0.2303922E+01 0.2313726E+01 0.2323529E+01 0.2333333E+01 0.2343137E+01
 0.2352941E+01 0.2362745E+01 0.2372549E+01 0.2382353E+01 0.2392157E+01
 0.2401961E+01 0.2411765E+01 0.2421569E+01 0.2431373E+01 0.2441176E+01
 0.2450980E+01 0.2460784E+01 0.2470588E+01 0.2480392E+01 0.2490196E+01
 0.2500000E+01
