 0.2540000E-01 0.2579267E-01 0.2619142E-01 0.2659632E-01 0.2700749E-01
 0.2742501E-01 0.2784899E-01 0.2827952E-01 0.2871671E-01 0.2916066E-01
 0.2961147E-01 0.3006925E-01 0.3053411E-01 0.3100615E-01 0.3148549E-01
 0.3197224E-01 0.3246652E-01 0.3296844E-01 0.3347812E-01 0.3399567E-01
 0.3452123E-01 0.3505491E-01 0.3559685E-01 0.3614716E-01 0.3670598E-01
 0.3727343E-01 0.3784966E-01 0.3843480E-01 0.3902899E-01 0.3963236E-01
 0.4024506E-01 0.4086723E-01 0.4149902E-01 0.4214057E-01 0.4279205E-01
 0.4345359E-01 0.4412536E-01 0.4480752E-01 0.4550023E-01 0.4620364E-01
 0.4691793E-01 0.4764326E-01 0.4837980E-01 0.4912773E-01 0.4988722E-01
 0.5065846E-01 0.5144161E-01 0.5223688E-01 0.5304444E-01 0.5386448E-01
 0.5469720E-01 0.5554279E-01 0.5640146E-01 0.5727340E-01 0.5815882E-01
 0.5905793E-01 0.5997094E-01 0.6089806E-01 0.6183952E-01 0.6279553E-01
 0.6376632E-01 0.6475212E-01 0.6575316E-01 0.6676967E-01 0.6780190E-01
 0.6885009E-01 0.6991448E-01 0.7099533E-01 0.7209288E-01 0.7320740E-01
 0.7433916E-01 0.7548841E-01 0.7665542E-01 0.7784048E-01 0.7904386E-01
 0.8026584E-01 0.8150672E-01 0.8276677E-01 0.8404631E-01 0.8534563E-01
 0.8666503E-01 0.8800484E-01 0.8936535E-01 0.9074690E-01 0.9214981E-01
 0.9357440E-01 0.9502102E-01 0.9649000E-01 0.9798169E-01 0.9949644E-01
 0.1010346E+00 0.1025966E+00 0.1041827E+00 0.1057933E+00 0.1074288E+00
 0.1090896E+00 0.1107761E+00 0.1124886E+00 0.1142276E+00 0.1159935E+00
 0.1177868E+00 0.1196077E+00 0.1214568E+00 0.1233344E+00 0.1252411E+00
 0.1270200E+00 0.1291434E+00 0.1311399E+00 0.1331673E+00 0.1352260E+00
 0.1373165E+00 0.1394394E+00 0.1415950E+00 0.1437840E+00 0.1460069E+00
 0.1482641E+00 0.1505562E+00 0.1528837E+00 0.1552472E+00 0.1576472E+00
 0.1600844E+00 0.1625592E+00 0.1650723E+00 0.1676243E+00 0.1702157E+00
 0.1728471E+00 0.1755193E+00 0.1782327E+00 0.1809881E+00 0.1837861E+00
 0.1866273E+00 0.1895125E+00 0.1924423E+00 0.1954174E+00 0.1984384E+00
 0.2015062E+00 0.2046214E+00 0.2077848E+00 0.2109970E+00 0.2142589E+00
 0.2175713E+00 0.2209348E+00 0.2243504E+00 0.2278187E+00 0.2313407E+00
 0.2349171E+00 0.2385488E+00 0.2422367E+00 0.2459816E+00 0.2497843E+00
 0.2536459E+00 0.2575671E+00 0.2615490E+00 0.2655924E+00 0.2696984E+00
 0.2738678E+00 0.2781017E+00 0.2824010E+00 0.2867668E+00 0.2912001E+00
 0.2957019E+00 0.3002733E+00 0.3049154E+00 0.3096293E+00 0.3144160E+00
 0.3192767E+00 0.3242126E+00 0.3292248E+00 0.3343144E+00 0.3394828E+00
 0.3447310E+00 0.3500604E+00 0.3554722E+00 0.3609676E+00 0.3665480E+00
 0.3722147E+00 0.3779690E+00 0.3838122E+00 0.3897458E+00 0.3957711E+00
 0.4018895E+00 0.4081025E+00 0.4144116E+00 0.4208182E+00 0.4273239E+00
 0.4339301E+00 0.4406385E+00 0.4474506E+00 0.4543679E+00 0.4613923E+00
 0.4685252E+00 0.4757684E+00 0.4831235E+00 0.4905924E+00 0.4981767E+00
 0.5058783E+00 0.5136990E+00 0.5216405E+00 0.5297049E+00 0.5378939E+00
 0.5462095E+00 0.5546536E+00 0.5632283E+00 0.5719356E+00 0.5807774E+00
 0.5897560E+00 0.5988733E+00 0.6081316E+00 0.6175331E+00 0.6270799E+00
 0.6367742E+00 0.6466185E+00 0.6566149E+00 0.6667659E+00 0.6770738E+00
 0.6875410E+00 0.6981701E+00 0.7089635E+00 0.7199238E+00 0.7310535E+00
 0.7423552E+00 0.7538317E+00 0.7654856E+00 0.7773196E+00 0.7893367E+00
 0.8015394E+00 0.8139309E+00 0.8265139E+00 0.8392914E+00 0.8522665E+00
 0.8654421E+00 0.8788215E+00 0.8924077E+00 0.9062039E+00 0.9202134E+00
 0.9344395E+00 0.9488855E+00 0.9635548E+00 0.9784509E+00 0.9935773E+00
 0.1008938E+01 0.1024535E+01 0.1040374E+01 0.1056458E+01 0.1072790E+01
 0.1089375E+01 0.1106216E+01 0.1123318E+01 0.1140684E+01 0.1158318E+01
 0.1176225E+01 0.1194409E+01 0.1212874E+01 0.1231625E+01 0.1250665E+01
 0.1270000E+01
