 1.0000000E-006 6.6081261E-002 1.6985356E-001 2.3766399E-001 2.9298381E-001
 2.9300000E-001 2.9734589E-001 3.5317934E-001 4.0660616E-001 4.5829149E-001
 5.0859816E-001 5.5774729E-001 6.0588461E-001 6.5311271E-001 6.9950758E-001
 7.4512781E-001 7.9002033E-001 8.3422380E-001 8.7777130E-001 9.2069109E-001
 9.6300833E-001 1.0047455E+000 1.0459229E+000 1.0865594E+000 1.1266723E+000
 1.1662777E+000 1.2053908E+000 1.2440260E+000 1.2821970E+000 1.3199166E+000
 1.3571973E+000 1.3940509E+000 1.4304884E+000 1.4665157E+000 1.5021078E+000
 1.5372098E+000 1.5717325E+000 1.6055623E+000 1.6385601E+000 1.6705711E+000
 1.7014351E+000 1.7310008E+000 1.7591481E+000 1.7858100E+000 1.8110000E+000
 1.8170686E+000 1.8231780E+000 1.8293286E+000 1.8355208E+000 1.8417551E+000
 1.8480319E+000 1.8543517E+000 1.8607148E+000 1.8671217E+000 1.8735729E+000
 1.8800688E+000 1.8866100E+000 1.8931968E+000 1.8998297E+000 1.9065093E+000
 1.9132361E+000 1.9200104E+000 1.9268330E+000 1.9337041E+000 1.9406245E+000
 1.9475946E+000 1.9546149E+000 1.9616860E+000 1.9688085E+000 1.9759828E+000
 1.9832097E+000 1.9904896E+000 1.9978231E+000 2.0052109E+000 2.0126536E+000
 2.0201516E+000 2.0277058E+000 2.0353167E+000 2.0429849E+000 2.0507111E+000
 2.0584960E+000 2.0663402E+000 2.0742444E+000 2.0748438E+000 2.0748460E+000
 2.0822093E+000 2.0902356E+000 2.0977818E+000 2.0983241E+000 2.1446584E+000
 2.1930852E+000 2.2437495E+000 2.2968101E+000 2.3524410E+000 2.4108337E+000
 2.4130791E+000 2.4721990E+000 2.5367699E+000 2.6048042E+000 2.6765884E+000
 2.7524413E+000 2.8327188E+000 2.9178197E+000 3.0081922E+000 3.1043418E+000
 3.2068407E+000 3.3163393E+000 3.4335800E+000 3.5594139E+000 3.6948219E+000
 3.8409398E+000 3.9990904E+000 4.1067479E+000 4.1708240E+000 4.3579691E+000
 4.5626975E+000 4.7876095E+000 5.0358446E+000 5.3112292E+000 5.6184749E+000
 5.9634504E+000 6.3535604E+000 6.7982824E+000 7.0541149E+000 7.1820311E+000
 7.2459893E+000 7.2779683E+000 7.2939579E+000 7.3099474E+000 7.4620784E+000
 7.6173755E+000 7.7759046E+000 7.9377329E+000 8.1029291E+000 8.2715632E+000
 8.4437069E+000 8.6194332E+000 8.7988166E+000 8.9819332E+000 9.1688608E+000
 9.3596786E+000 9.5544676E+000 9.7533105E+000 9.9562916E+000 1.0163497E+001
 1.0375015E+001 1.0590934E+001 1.0811348E+001 1.1036348E+001 1.1266031E+001
 1.1500494E+001 1.1739837E+001 1.1984161E+001 1.2233569E+001 1.2488168E+001
 1.2748066E+001 1.3013372E+001 1.3284200E+001 1.3560664E+001 1.3842882E+001
 1.4130973E+001 1.4425060E+001 1.4725267E+001 1.5031722E+001 1.5344555E+001
 1.5663899E+001 1.5989888E+001 1.6322662E+001 1.6662361E+001 1.7009130E+001
 1.7363115E+001 1.7724468E+001 1.8093341E+001 1.8469890E+001 1.8854277E+001
 1.9246663E+001 1.9647215E+001 2.0056103E+001 2.0473501E+001 2.0899585E+001
 2.1334537E+001 2.1778541E+001 2.2231785E+001 2.2694462E+001 2.3166768E+001
 2.3648903E+001 2.4141073E+001 2.4643485E+001 2.5156353E+001 2.5679894E+001
 2.6214332E+001 2.6759891E+001 2.7316805E+001 2.7885309E+001 2.8465644E+001
 2.9058057E+001 2.9662799E+001 3.0280127E+001 3.0910302E+001 3.1553592E+001
 3.2210270E+001 3.2880614E+001 3.3564909E+001 3.4263445E+001 3.4976519E+001
 3.5704433E+001 3.6447497E+001 3.7206024E+001 3.7980337E+001 3.8770765E+001
 3.9577643E+001 4.0401314E+001 4.1242126E+001 4.2100437E+001 4.2976610E+001
 4.3871018E+001 4.4784041E+001 4.5716064E+001 4.6667484E+001 4.7638705E+001
 4.8630138E+001 4.9642205E+001 5.0675334E+001 5.1729964E+001 5.2806542E+001
 5.3905526E+001 5.5027381E+001 5.6172584E+001 5.7341620E+001 5.8534986E+001
 5.9753187E+001 6.0996741E+001 6.2266175E+001 6.3562028E+001 6.4884849E+001
 6.6235201E+001 6.7613655E+001 6.9020797E+001 7.0457224E+001 7.1923545E+001
 7.3420383E+001 7.4948372E+001 7.6508160E+001 7.8100410E+001 7.9725797E+001
 8.1385012E+001 8.3078756E+001 8.4807750E+001 8.6572728E+001 8.8374436E+001
 9.0213642E+001 9.2091124E+001 9.4007679E+001 9.5964120E+001 9.7961278E+001
 1.0000000E+002    
