 6.3397887E-002 6.3510000E-002 6.6579931E-002 6.6708333E-002 7.1510388E-002
 7.1671061E-002 7.6257373E-002 7.6460168E-002 8.0734450E-002 8.0990866E-002
 8.4894502E-002 8.5217177E-002 8.8725812E-002 8.9127916E-002 9.2241310E-002
 9.2735933E-002 9.5467531E-002 9.6067160E-002 9.8436426E-002 9.9152518E-002
 1.0118037E-001 1.0202304E-001 1.0372964E-001 1.0470742E-001 1.0611130E-001
 1.0723105E-001 1.0834909E-001 1.0961584E-001 1.1046354E-001 1.1188052E-001
 1.1247232E-001 1.1404100E-001 1.1439068E-001 1.1611081E-001 1.1616402E-001
 1.1623178E-001 1.1800705E-001 1.1802819E-001 1.1810151E-001 1.1972642E-001
 1.2002304E-001 1.2139863E-001 1.2188403E-001 1.2303138E-001 1.2369206E-001
 1.2463152E-001 1.2545386E-001 1.2620494E-001 1.2622362E-001 1.2648431E-001
 1.2676300E-001 1.2702000E-001 1.2702008E-001 1.2704105E-001 1.2717556E-001
 1.2731849E-001 1.2759533E-001 1.2787162E-001 1.2814738E-001 1.2842263E-001
 1.2869741E-001 1.2886330E-001 1.2888331E-001 1.2897174E-001 1.2916245E-001
 1.2924565E-001 1.2946072E-001 1.2951917E-001 1.2973562E-001 1.2973570E-001
 1.2975813E-001 1.2979232E-001 1.3005472E-001 1.3006512E-001 1.3033761E-001
 1.3035050E-001 1.3060981E-001 1.3064552E-001 1.3088174E-001 1.3093978E-001
 1.3115344E-001 1.3123332E-001 1.3142491E-001 1.3152616E-001 1.3169620E-001
 1.3181833E-001 1.3196732E-001 1.3210986E-001 1.3223831E-001 1.3240076E-001
 1.3250917E-001 1.3269107E-001 1.3277994E-001 1.3298080E-001 1.3305064E-001
 1.3326998E-001 1.3332130E-001 1.3355864E-001 1.3359194E-001 1.3384680E-001
 1.3386258E-001 1.3413324E-001 1.3413447E-001 1.3440391E-001 1.3442170E-001
 1.3467433E-001 1.3470849E-001 1.3494403E-001 1.3499487E-001 1.3521221E-001
 1.3528087E-001 1.3547788E-001 1.3556651E-001 1.3573979E-001 1.3585181E-001
 1.3599653E-001 1.3613679E-001 1.3624657E-001 1.3642148E-001 1.3648844E-001
 1.3670589E-001 1.3672086E-001 1.3694298E-001 1.3699006E-001 1.3715460E-001
 1.3715460E-001 1.3727404E-001 1.3755921E-001 1.3784829E-001 1.3795020E-001
 1.3814382E-001 1.3844814E-001 1.3868361E-001 1.3876358E-001 1.3909237E-001
 1.3937150E-001 1.3943668E-001 1.3979833E-001 1.4002216E-001 1.4017823E-001
 1.4057530E-001 1.4063983E-001 1.4098471E-001 1.4122674E-001 1.4139650E-001
 1.4146346E-001 1.4153095E-001 1.4159898E-001 1.4166756E-001 1.4173669E-001
 1.4178421E-001 1.4180638E-001 1.4187663E-001 1.4194746E-001 1.4201887E-001
 1.4209087E-001 1.4216346E-001 1.4223666E-001 1.4231047E-001 1.4231322E-001
 1.4238489E-001 1.4245994E-001 1.4253563E-001 1.4261196E-001 1.4268894E-001
 1.4276658E-001 1.4281460E-001 1.4284488E-001 1.4292387E-001 1.4300354E-001
 1.4308391E-001 1.4316498E-001 1.4324676E-001 1.4328929E-001 1.4332927E-001
 1.4341252E-001 1.4349650E-001 1.4358125E-001 1.4366675E-001 1.4373818E-001
 1.4375303E-001 1.4384010E-001 1.4392796E-001 1.4401664E-001 1.4410613E-001
 1.4416228E-001 1.4419645E-001 1.4428762E-001 1.4437964E-001 1.4438662E-001
 1.4438665E-001 1.4447253E-001 1.4456259E-001 1.4456630E-001 1.4465461E-001
 1.4466096E-001 1.4494000E-001 1.4520650E-001 1.4529507E-001 1.4562789E-001
 1.4578275E-001 1.4593817E-001 1.4622505E-001 1.4639245E-001 1.4648703E-001
 1.4672162E-001 1.4692452E-001 1.4703865E-001 1.4708699E-001 1.4772484E-001
 1.4845494E-001 1.4848323E-001 1.4923343E-001 1.5006540E-001 1.5095674E-001
 1.5191421E-001 1.5294569E-001 1.5406036E-001 1.5526904E-001 1.5658452E-001
 1.5802209E-001 1.5960017E-001 1.6134113E-001 1.6327247E-001 1.6542840E-001
 1.6785202E-001 1.7059847E-001 1.7373950E-001 1.7598726E-001 1.7737043E-001
 1.8162079E-001 1.8667166E-001 1.9022348E-001 1.9278486E-001 2.0035516E-001
 2.1001034E-001 2.2282102E-001 2.4079586E-001 2.6828768E-001 3.1785856E-001
 3.6842516E-001 4.1214080E-001 4.4819214E-001 4.7682274E-001 4.9889439E-001
 5.5965799E-001 6.0052777E-001 6.1893675E-001 6.3383896E-001 6.4666409E-001
 6.6960730E-001 6.8973960E-001 7.2650368E-001 7.6008249E-001 8.2283312E-001
 8.8522463E-001 1.0044479E+000 1.1098056E+000 1.3412194E+000 1.4249701E+000
 1.5874273E+000 1.8476386E+000 2.1176043E+000 2.3924798E+000 2.6460845E+000
 2.6683980E+000 2.9428590E+000 3.0000000E+000 3.2144914E+000 3.3123465E+000
 3.4826756E+000 3.7472363E+000 4.0082396E+000 4.2658710E+000 4.5203670E+000
 4.7372377E+000 4.7719778E+000 5.0209481E+000 5.2675074E+000 5.5118669E+000
 5.7542180E+000 5.9947335E+000 6.2335682E+000 6.4708612E+000 6.7067372E+000
 6.9413080E+000 7.1746743E+000 7.3982391E+000 8.0191825E+000 1.2952366E+001
 2.0293218E+001 3.1211874E+001 4.7481738E+001 7.1781252E+001 1.0815828E+002
 1.2547738E+002 1.6273927E+002 2.4481118E+002 3.6847310E+002 5.5515936E+002
 8.3749768E+002 1.2652134E+003 1.9141724E+003 2.9002408E+003 4.4005434E+003
 6.6860908E+003 1.0171887E+004 1.5493929E+004 2.3627592E+004 3.6069752E+004
 5.5119086E+004 8.4307683E+004 1.2702000E+005
