  1.000000E-006  2.941275E-002  6.608126E-002  1.176480E-001  1.698536E-001
  2.058833E-001  2.376640E-001  2.549029E-001  2.745107E-001  2.929838E-001
  2.930000E-001  2.973459E-001  3.235303E-001  3.531793E-001  3.823538E-001
  4.066062E-001  4.313734E-001  4.582915E-001  4.803930E-001  5.000008E-001
  5.085982E-001  5.294126E-001  5.577473E-001  5.784321E-001  6.058846E-001
  6.274517E-001  6.531127E-001  6.764713E-001  6.995076E-001  7.254909E-001
  7.451278E-001  7.647066E-001  7.900203E-001  8.137262E-001  8.342238E-001
  8.529418E-001  8.777713E-001  8.921575E-001  9.206911E-001  9.411771E-001
  9.630083E-001  9.705888E-001  1.004746E+000  1.029412E+000  1.045923E+000
  1.068628E+000  1.086559E+000  1.098040E+000  1.126672E+000  1.147059E+000
  1.166278E+000  1.186275E+000  1.205391E+000  1.225491E+000  1.244026E+000
  1.264706E+000  1.282197E+000  1.303922E+000  1.319917E+000  1.333334E+000
  1.357197E+000  1.372549E+000  1.394051E+000  1.411765E+000  1.430488E+000
  1.450981E+000  1.466516E+000  1.480393E+000  1.500000E+000  1.502108E+000
  1.519608E+000  1.537210E+000  1.558824E+000  1.571733E+000  1.605562E+000
  1.617647E+000  1.638560E+000  1.666667E+000  1.670571E+000  1.686275E+000
  1.701435E+000  1.715687E+000  1.731001E+000  1.745098E+000  1.759148E+000
  1.774510E+000  1.785810E+000  1.803922E+000  1.811000E+000  1.813726E+000
  1.817069E+000  1.823178E+000  1.829329E+000  1.835521E+000  1.841755E+000
  1.848032E+000  1.854352E+000  1.860715E+000  1.867122E+000  1.873573E+000
  1.880069E+000  1.886610E+000  1.893197E+000  1.899830E+000  1.906509E+000
  1.913236E+000  1.920010E+000  1.926833E+000  1.933704E+000  1.940625E+000
  1.947595E+000  1.954615E+000  1.961686E+000  1.968809E+000  1.975983E+000
  1.983210E+000  1.990490E+000  1.997823E+000  2.000000E+000  2.005211E+000
  2.012654E+000  2.020152E+000  2.027706E+000  2.035317E+000  2.042985E+000
  2.050711E+000  2.058496E+000  2.066340E+000  2.074244E+000  2.074844E+000
  2.077300E+000  2.082209E+000  2.090236E+000  2.097782E+000  2.098324E+000
  2.127451E+000  2.144658E+000  2.166667E+000  2.193085E+000  2.215686E+000
  2.243750E+000  2.264706E+000  2.296810E+000  2.323529E+000  2.352441E+000
  2.382353E+000  2.410834E+000  2.413079E+000  2.421569E+000  2.441176E+000
  2.472199E+000  2.480392E+000  2.500000E+000  2.536770E+000  2.604804E+000
  2.676588E+000  2.752441E+000  2.832719E+000  2.917820E+000  3.008192E+000
  3.104342E+000  3.206841E+000  3.316339E+000  3.433580E+000  3.559414E+000
  3.694822E+000  3.840940E+000  3.999090E+000  4.106748E+000  4.170824E+000
  4.357969E+000  4.562698E+000  4.787610E+000  5.035845E+000  5.311229E+000
  5.618475E+000  5.963450E+000  6.353560E+000  6.798282E+000  7.054115E+000
  7.182031E+000  7.245989E+000  7.277968E+000  7.293958E+000  7.309947E+000
  7.462078E+000  7.617376E+000  7.775905E+000  7.937733E+000  8.102929E+000
  8.271563E+000  8.443707E+000  8.619433E+000  8.798817E+000  8.981933E+000
  9.168861E+000  9.359679E+000  9.554468E+000  9.753311E+000  9.956292E+000
  1.016350E+001  1.037502E+001  1.059093E+001  1.081135E+001  1.103635E+001
  1.126603E+001  1.150049E+001  1.173984E+001  1.198416E+001  1.223357E+001
  1.248817E+001  1.274807E+001  1.301337E+001  1.328420E+001  1.356066E+001
  1.384288E+001  1.413097E+001  1.442506E+001  1.472527E+001  1.503172E+001
  1.534456E+001  1.566390E+001  1.598989E+001  1.632266E+001  1.666236E+001
  1.700913E+001  1.736312E+001  1.772447E+001  1.809334E+001  1.846989E+001
  1.885428E+001  1.924666E+001  1.964722E+001  2.005610E+001  2.047350E+001
  2.089959E+001  2.133454E+001  2.177854E+001  2.223179E+001  2.269446E+001
  2.316677E+001  2.364890E+001  2.414107E+001  2.464349E+001  2.515635E+001
  2.567989E+001  2.621433E+001  2.675989E+001  2.731681E+001  2.788531E+001
  2.846564E+001  2.905806E+001  2.966280E+001  3.028013E+001  3.091030E+001
  3.155359E+001  3.221027E+001  3.288061E+001  3.356491E+001  3.426345E+001
  3.497652E+001  3.570443E+001  3.644750E+001  3.720602E+001  3.798034E+001
  3.877077E+001  3.957764E+001  4.040131E+001  4.124213E+001  4.210044E+001
  4.297661E+001  4.387102E+001  4.478404E+001  4.571606E+001  4.666748E+001
  4.763871E+001  4.863014E+001  4.964221E+001  5.067533E+001  5.172996E+001
  5.280654E+001  5.390553E+001  5.502738E+001  5.617258E+001  5.734162E+001
  5.853499E+001  5.975319E+001  6.099674E+001  6.226618E+001  6.356203E+001
  6.488485E+001  6.623520E+001  6.761366E+001  6.902080E+001  7.045722E+001
  7.192355E+001  7.342038E+001  7.494837E+001  7.650816E+001  7.810041E+001
  7.972580E+001  8.138501E+001  8.307876E+001  8.480775E+001  8.657273E+001
  8.837444E+001  9.021364E+001  9.209112E+001  9.400768E+001  9.596412E+001
  9.796128E+001  1.000000E+002
