  6.339789E-002  6.351000E-002  6.657993E-002  6.670833E-002  7.151039E-002
  7.167106E-002  7.625737E-002  7.646017E-002  8.073445E-002  8.099087E-002
  8.489450E-002  8.521718E-002  8.872581E-002  8.912792E-002  9.224131E-002
  9.273593E-002  9.546753E-002  9.606716E-002  9.843643E-002  9.915252E-002
  1.011804E-001  1.020230E-001  1.037296E-001  1.047074E-001  1.061113E-001
  1.072311E-001  1.083491E-001  1.096158E-001  1.104635E-001  1.118805E-001
  1.124723E-001  1.140410E-001  1.142276E-001  1.143907E-001  1.159935E-001
  1.161108E-001  1.161640E-001  1.162318E-001  1.177868E-001  1.180071E-001
  1.180282E-001  1.181015E-001  1.196077E-001  1.197264E-001  1.200230E-001
  1.213986E-001  1.214568E-001  1.218840E-001  1.230314E-001  1.233344E-001
  1.236921E-001  1.246315E-001  1.252411E-001  1.254539E-001  1.262049E-001
  1.262236E-001  1.264843E-001  1.267630E-001  1.270000E-001  1.270201E-001
  1.270411E-001  1.271756E-001  1.273185E-001  1.275953E-001  1.278716E-001
  1.281474E-001  1.284226E-001  1.286974E-001  1.288633E-001  1.288833E-001
  1.289717E-001  1.290671E-001  1.291625E-001  1.292457E-001  1.294607E-001
  1.295192E-001  1.296274E-001  1.297357E-001  1.297581E-001  1.297923E-001
  1.300547E-001  1.300651E-001  1.303376E-001  1.303505E-001  1.306098E-001
  1.306455E-001  1.308817E-001  1.310925E-001  1.311399E-001  1.311534E-001
  1.312333E-001  1.314249E-001  1.315262E-001  1.316962E-001  1.317640E-001
  1.319673E-001  1.321028E-001  1.322383E-001  1.323737E-001  1.325092E-001
  1.326446E-001  1.327799E-001  1.329153E-001  1.330506E-001  1.331673E-001
  1.332700E-001  1.333213E-001  1.334566E-001  1.335919E-001  1.337273E-001
  1.338626E-001  1.341332E-001  1.341345E-001  1.344039E-001  1.344217E-001
  1.346743E-001  1.347085E-001  1.349440E-001  1.349949E-001  1.352122E-001
  1.352260E-001  1.352809E-001  1.354779E-001  1.355665E-001  1.357398E-001
  1.358518E-001  1.359965E-001  1.361216E-001  1.362466E-001  1.363675E-001
  1.364884E-001  1.366047E-001  1.367209E-001  1.369430E-001  1.369901E-001
  1.371321E-001  1.371546E-001  1.372740E-001  1.373165E-001  1.375592E-001
  1.378483E-001  1.379502E-001  1.381438E-001  1.384481E-001  1.386836E-001
  1.387636E-001  1.390924E-001  1.393715E-001  1.394367E-001  1.397983E-001
  1.400222E-001  1.401782E-001  1.405753E-001  1.406398E-001  1.409847E-001
  1.412267E-001  1.413965E-001  1.414635E-001  1.415310E-001  1.415990E-001
  1.416676E-001  1.417367E-001  1.417842E-001  1.418064E-001  1.418766E-001
  1.419475E-001  1.420189E-001  1.420909E-001  1.421635E-001  1.422367E-001
  1.423105E-001  1.423132E-001  1.423849E-001  1.424599E-001  1.425356E-001
  1.426120E-001  1.426889E-001  1.427666E-001  1.428146E-001  1.428449E-001
  1.429239E-001  1.430035E-001  1.430839E-001  1.431650E-001  1.432468E-001
  1.432893E-001  1.433293E-001  1.434125E-001  1.434965E-001  1.435813E-001
  1.436668E-001  1.437382E-001  1.437530E-001  1.437840E-001  1.438401E-001
  1.439280E-001  1.440166E-001  1.441061E-001  1.441623E-001  1.441965E-001
  1.442876E-001  1.443796E-001  1.443866E-001  1.444261E-001  1.444725E-001
  1.445626E-001  1.445663E-001  1.446546E-001  1.446610E-001  1.449400E-001
  1.452065E-001  1.452951E-001  1.456279E-001  1.457828E-001  1.459382E-001
  1.462251E-001  1.463925E-001  1.464870E-001  1.467216E-001  1.469245E-001
  1.470387E-001  1.470870E-001  1.477248E-001  1.484549E-001  1.484832E-001
  1.492334E-001  1.500654E-001  1.509567E-001  1.519142E-001  1.529457E-001
  1.540604E-001  1.552690E-001  1.565845E-001  1.580221E-001  1.596002E-001
  1.613411E-001  1.632725E-001  1.654284E-001  1.678520E-001  1.705985E-001
  1.737395E-001  1.759873E-001  1.773704E-001  1.816208E-001  1.866717E-001
  1.902235E-001  1.927849E-001  2.003552E-001  2.051828E-001  2.100103E-001
  2.164157E-001  2.228210E-001  2.318084E-001  2.407959E-001  2.545418E-001
  2.682877E-001  2.930731E-001  3.178586E-001  3.431419E-001  3.684252E-001
  3.902830E-001  4.121408E-001  4.301665E-001  4.481921E-001  4.625074E-001
  4.768227E-001  4.878586E-001  4.988944E-001  5.596580E-001  6.005278E-001
  6.189368E-001  6.338390E-001  6.466641E-001  6.696073E-001  6.897396E-001
  7.265037E-001  7.600825E-001  8.228331E-001  8.852246E-001  1.004448E+000
  1.109806E+000  1.341219E+000  1.424970E+000  1.587427E+000  1.847639E+000
  2.117604E+000  2.392480E+000  2.646085E+000  2.668398E+000  2.942859E+000
  3.000000E+000  3.214491E+000  3.312347E+000  3.482676E+000  3.747236E+000
  4.008240E+000  4.265871E+000  4.520367E+000  4.737238E+000  4.771978E+000
  5.020948E+000  5.267507E+000  5.511867E+000  5.754218E+000  5.994734E+000
  6.233568E+000  6.470861E+000  6.706737E+000  6.941308E+000  7.174674E+000
  7.398239E+000  8.019183E+000  1.295237E+001  2.029322E+001  3.121187E+001
  4.748174E+001  7.178125E+001  1.081583E+002  1.254774E+002  1.627393E+002
  2.448112E+002  3.684731E+002  5.551594E+002  8.374977E+002  1.265213E+003
  1.914172E+003  2.900241E+003  4.400543E+003  6.686091E+003  1.017189E+004
  1.549393E+004  2.362759E+004  3.606975E+004  5.511909E+004  8.430768E+004
  1.270200E+005
