 1.0000000E-006 7.1476996E-002 1.8079569E-001 2.5650236E-001 2.9298678E-001
 2.9300000E-001 3.2351573E-001 3.8607530E-001 4.4558416E-001 5.0269633E-001
 5.2856765E-001 5.5777906E-001 6.1106617E-001 6.6272096E-001 7.1286619E-001
 7.6159879E-001 8.0899904E-001 8.5513550E-001 9.0006820E-001 9.4385074E-001
 9.8653163E-001 1.0281554E+000 1.0687631E+000 1.1083924E+000 1.1470711E+000
 1.1848157E+000 1.2216324E+000 1.2575193E+000 1.2924683E+000 1.3264665E+000
 1.3594968E+000 1.3915397E+000 1.4225742E+000 1.4525782E+000 1.4815305E+000
 1.5094110E+000 1.5362021E+000 1.5618892E+000 1.5864623E+000 1.6099173E+000
 1.6322565E+000 1.6534910E+000 1.6736423E+000 1.6927440E+000 1.7108430E+000
 1.7280000E+000 1.7370279E+000 1.7461507E+000 1.7553698E+000 1.7646867E+000
 1.7741031E+000 1.7836205E+000 1.7932406E+000 1.8029650E+000 1.8127955E+000
 1.8227338E+000 1.8327816E+000 1.8429408E+000 1.8532132E+000 1.8636009E+000
 1.8741056E+000 1.8847294E+000 1.8954744E+000 1.9063425E+000 1.9173361E+000
 1.9284571E+000 1.9397079E+000 1.9510908E+000 1.9626081E+000 1.9742621E+000
 1.9860554E+000 1.9979904E+000 2.0100697E+000 2.0222959E+000 2.0346718E+000
 2.0472001E+000 2.0598837E+000 2.0727254E+000 2.0857282E+000 2.0988952E+000
 2.1060027E+000 2.1122295E+000 2.1257343E+000 2.1394128E+000 2.1532686E+000
 2.1597833E+000 2.1597861E+000 2.1673050E+000 2.1815256E+000 2.1948672E+000
 2.1959341E+000 2.2407218E+000 2.2873746E+000 2.3360113E+000 2.3867613E+000
 2.4397654E+000 2.4951771E+000 2.5531643E+000 2.6139109E+000 2.6776185E+000
 2.7445092E+000 2.8148275E+000 2.8888439E+000 2.9668580E+000 3.0492026E+000
 3.1362486E+000 3.2284105E+000 3.3261529E+000 3.4299985E+000 3.5405374E+000
 3.6584383E+000 3.7844619E+000 3.9194777E+000 4.0644836E+000 4.2206310E+000
 4.3892554E+000 4.5719143E+000 4.7704362E+000 4.9869810E+000 5.0366627E+000
 5.2241200E+000 5.4849376E+000 5.7731668E+000 6.0933685E+000 6.4511751E+000
 6.6523998E+000 6.7530121E+000 6.8033183E+000 6.8284714E+000 6.8410479E+000
 6.8536245E+000 7.0021747E+000 7.1539447E+000 7.3090043E+000 7.4674247E+000
 7.6292789E+000 7.7946412E+000 7.9635877E+000 8.1361960E+000 8.3125456E+000
 8.4927175E+000 8.6767946E+000 8.8648615E+000 9.0570047E+000 9.2533125E+000
 9.4538753E+000 9.6587851E+000 9.8681364E+000 1.0082025E+001 1.0300550E+001
 1.0523811E+001 1.0751912E+001 1.0984956E+001 1.1223052E+001 1.1466308E+001
 1.1714837E+001 1.1968752E+001 1.2228171E+001 1.2493213E+001 1.2764000E+001
 1.3040656E+001 1.3323308E+001 1.3612087E+001 1.3907125E+001 1.4208557E+001
 1.4516523E+001 1.4831165E+001 1.5152626E+001 1.5481054E+001 1.5816601E+001
 1.6159421E+001 1.6509672E+001 1.6867514E+001 1.7233112E+001 1.7606635E+001
 1.7988253E+001 1.8378143E+001 1.8776484E+001 1.9183459E+001 1.9599254E+001
 2.0024062E+001 2.0458078E+001 2.0901500E+001 2.1354534E+001 2.1817387E+001
 2.2290272E+001 2.2773407E+001 2.3267014E+001 2.3771319E+001 2.4286555E+001
 2.4812959E+001 2.5350772E+001 2.5900243E+001 2.6461623E+001 2.7035170E+001
 2.7621149E+001 2.8219829E+001 2.8831486E+001 2.9456399E+001 3.0094858E+001
 3.0747155E+001 3.1413590E+001 3.2094470E+001 3.2790108E+001 3.3500824E+001
 3.4226944E+001 3.4968802E+001 3.5726741E+001 3.6501107E+001 3.7292257E+001
 3.8100556E+001 3.8926374E+001 3.9770091E+001 4.0632096E+001 4.1512784E+001
 4.2412561E+001 4.3331840E+001 4.4271045E+001 4.5230606E+001 4.6210966E+001
 4.7212575E+001 4.8235893E+001 4.9281391E+001 5.0349551E+001 5.1440862E+001
 5.2555827E+001 5.3694958E+001 5.4858780E+001 5.6047828E+001 5.7262647E+001
 5.8503798E+001 5.9771850E+001 6.1067387E+001 6.2391004E+001 6.3743310E+001
 6.5124927E+001 6.6536490E+001 6.7978648E+001 6.9452065E+001 7.0957417E+001
 7.2495398E+001 7.4066713E+001 7.5672087E+001 7.7312257E+001 7.8987976E+001
 8.0700017E+001 8.2449165E+001 8.4236226E+001 8.6062020E+001 8.7927389E+001
 8.9833188E+001 9.1780295E+001 9.3769605E+001 9.5802033E+001 9.7878513E+001
 1.0000000E+002
