 5.6120000E-002 5.6275181E-002 5.6792836E-002 5.9291528E-002 5.9874355E-002
 6.2269611E-002 6.2922219E-002 6.5197543E-002 6.5924327E-002 6.8064439E-002
 6.8869541E-002 7.0860690E-002 7.1748000E-002 7.3578150E-002 7.4551317E-002
 7.6210228E-002 7.7272700E-002 7.8751893E-002 7.9906957E-002 8.1199605E-002
 8.2450437E-002 8.3551210E-002 8.4900917E-002 8.5805781E-002 8.7257433E-002
 8.7963464E-002 8.9520117E-002 9.0025308E-002 9.1690016E-002 9.1993105E-002
 9.3768914E-002 9.3869240E-002 9.5656559E-002 9.5759177E-002 9.7358251E-002
 9.7663614E-002 9.8977743E-002 9.9485344E-002 1.0051862E-001 1.0122770E-001
 1.0198453E-001 1.0289412E-001 1.0337919E-001 1.0448812E-001 1.0470624E-001
 1.0596929E-001 1.0601318E-001 1.0717187E-001 1.0747274E-001 1.0831737E-001
 1.0887013E-001 1.0940906E-001 1.1020860E-001 1.1045006E-001 1.1144322E-001
 1.1149123E-001 1.1176134E-001 1.1224000E-001 1.1238318E-001 1.1272102E-001
 1.1328128E-001 1.1357176E-001 1.1390095E-001 1.1441772E-001 1.1469149E-001
 1.1503383E-001 1.1506082E-001 1.1539830E-001 1.1561835E-001 1.1575801E-001
 1.1594823E-001 1.1611306E-001 1.1646354E-001 1.1662253E-001 1.1680954E-001
 1.1715113E-001 1.1730863E-001 1.1748841E-001 1.1782145E-001 1.1802134E-001
 1.1815034E-001 1.1847515E-001 1.1879596E-001 1.1911285E-001 1.1942589E-001
 1.1954221E-001 1.1973515E-001 1.2004071E-001 1.2034262E-001 1.2064097E-001
 1.2077739E-001 1.2090189E-001 1.2093582E-001 1.2122751E-001 1.2151716E-001
 1.2167516E-001 1.2180583E-001 1.2209447E-001 1.2238395E-001 1.2267506E-001
 1.2296857E-001 1.2326523E-001 1.2356577E-001 1.2387095E-001 1.2449836E-001
 1.2470771E-001 1.2482221E-001 1.2498758E-001 1.2515393E-001 1.2530652E-001
 1.2549434E-001 1.2556827E-001 1.2575451E-001 1.2584418E-001 1.2593215E-001
 1.2597921E-001 1.2620400E-001 1.2657399E-001 1.2695374E-001 1.2734190E-001
 1.2773584E-001 1.2813146E-001 1.2852336E-001 1.2861430E-001 1.2870633E-001
 1.2879944E-001 1.2889365E-001 1.2898897E-001 1.2908544E-001 1.2918306E-001
 1.2928186E-001 1.2938186E-001 1.2948310E-001 1.2958558E-001 1.2968933E-001
 1.2979439E-001 1.2990077E-001 1.3000850E-001 1.3011761E-001 1.3022813E-001
 1.3034007E-001 1.3045349E-001 1.3056840E-001 1.3068483E-001 1.3080282E-001
 1.3092239E-001 1.3104360E-001 1.3116645E-001 1.3129101E-001 1.3141729E-001
 1.3154534E-001 1.3167521E-001 1.3180691E-001 1.3194051E-001 1.3207604E-001
 1.3221355E-001 1.3235308E-001 1.3242852E-001 1.3249468E-001 1.3263839E-001
 1.3278428E-001 1.3293238E-001 1.3300213E-001 1.3300216E-001 1.3308276E-001
 1.3323546E-001 1.3337905E-001 1.3339055E-001 1.3387505E-001 1.3438370E-001
 1.3491845E-001 1.3548147E-001 1.3607519E-001 1.3670233E-001 1.3736595E-001
 1.3806952E-001 1.3881698E-001 1.3961281E-001 1.4046216E-001 1.4137096E-001
 1.4234609E-001 1.4339557E-001 1.4452883E-001 1.4575704E-001 1.4709352E-001
 1.4855432E-001 1.5015901E-001 1.5193165E-001 1.5390227E-001 1.5610892E-001
 1.5860057E-001 1.6144161E-001 1.6471863E-001 1.6855146E-001 1.7311178E-001
 1.7865649E-001 1.8002719E-001 1.8559236E-001 1.8913420E-001 1.9461454E-001
 2.0704799E-001 2.2588614E-001 2.6034348E-001 2.9632225E-001 3.2848405E-001
 3.5577964E-001 3.7800740E-001 3.9550417E-001 4.4545403E-001 4.8113785E-001
 4.9798929E-001 5.1036169E-001 5.2431828E-001 5.4333846E-001 5.6753752E-001
 5.9817127E-001 6.4419052E-001 6.9780792E-001 7.9666855E-001 9.0728834E-001
 1.0953985E+000 1.3832226E+000 1.4490573E+000 1.6529442E+000 1.9076607E+000
 2.0991222E+000 2.1512816E+000 2.3867373E+000 2.6160723E+000 2.8407182E+000
 2.9297296E+000 3.0616980E+000 3.2797607E+000 3.4954665E+000 3.7092434E+000
 3.9214239E+000 4.1322706E+000 4.3419935E+000 4.5507631E+000 4.7587186E+000
 4.9659756E+000 5.0563965E+000 5.1726301E+000 5.3787631E+000 5.5844430E+000
 5.7897283E+000 5.9946688E+000 6.1993078E+000 6.4036824E+000 6.6078252E+000
 6.8117645E+000 7.0155252E+000 7.2191290E+000 7.4225954E+000 7.6259413E+000
 7.8291819E+000 8.0347004E+000 8.0994402E+000 8.1029786E+000 8.1665412E+000
 8.2023738E+000 8.2336344E+000 8.3007200E+000 8.3677985E+000 8.4348702E+000
 8.4660827E+000 8.5019354E+000 8.5689944E+000 8.6360475E+000 8.7030952E+000
 8.7701375E+000 8.8371749E+000 8.9042077E+000 8.9712359E+000 9.0382600E+000
 9.1052802E+000 9.1722966E+000 9.2393096E+000 9.3063194E+000 9.3733261E+000
 9.4403300E+000 9.5073313E+000 9.5743302E+000 9.6413268E+000 9.7083213E+000
 9.7753140E+000 9.8423050E+000 9.9092944E+000 9.9762825E+000 1.0043269E+001
 1.0110255E+001 1.0244224E+001 1.2493455E+001 1.7258721E+001 1.8846489E+001
 2.8067924E+001 4.1490071E+001 6.1079127E+001 8.9744709E+001 1.3180253E+002
 1.9366690E+002 2.8488815E+002 4.1970790E+002 6.1939179E+002 9.1572942E+002
 1.3562868E+003 2.0122898E+003 2.9904563E+003 4.4507575E+003 9.8972474E+003
 2.2100865E+004 4.9505649E+004 1.1114739E+005 2.4998827E+005 5.6313236E+005
 1.2704508E+006 1.4534588E+006 1.7868923E+006 1.9026154E+006 2.8505250E+006
 3.2620550E+006 3.7331823E+006 4.8901372E+006 6.4069790E+006 8.3961226E+006
 1.1005255E+007 1.4428452E+007 1.8920820E+007 2.4817764E+007 3.2560385E+007
 4.2728927E+007 5.6086860E+007 7.3638975E+007 9.6707982E+007 1.2703550E+008
