 1.0000000E-006 5.5618010E-002 1.2700707E-001 1.7485504E-001 2.1568059E-001
 2.5286972E-001 2.8764146E-001 2.9297762E-001 2.9300000E-001 3.2057539E-001
 3.5199652E-001 3.8210746E-001 4.1104448E-001 4.3890465E-001 4.6576015E-001
 4.9166669E-001 5.1666864E-001 5.4080202E-001 5.6409826E-001 5.8657909E-001
 6.0827068E-001 6.2919082E-001 6.4935783E-001 6.6878749E-001 6.8749489E-001
 7.0549436E-001 7.2279973E-001 7.3942456E-001 7.5538242E-001 7.7068696E-001
 7.8535217E-001 7.9939246E-001 8.1282281E-001 8.2565888E-001 8.3791711E-001
 8.4961481E-001 8.6077028E-001 8.7140275E-001 8.8153246E-001 8.9118072E-001
 9.0036970E-001 9.0912241E-001 9.1746241E-001 9.2541363E-001 9.3300000E-001
 9.3903953E-001 9.4515776E-001 9.5135623E-001 9.5763655E-001 9.6400033E-001
 9.7044926E-001 9.7698505E-001 9.8360948E-001 9.9032435E-001 9.9713153E-001
 1.0040329E+000 1.0110306E+000 1.0181264E+000 1.0253225E+000 1.0326211E+000
 1.0400244E+000 1.0475345E+000 1.0551539E+000 1.0628850E+000 1.0707302E+000
 1.0786921E+000 1.0867732E+000 1.0949764E+000 1.1033043E+000 1.1117599E+000
 1.1203461E+000 1.1290660E+000 1.1379226E+000 1.1469193E+000 1.1560594E+000
 1.1653464E+000 1.1747837E+000 1.1843752E+000 1.1941245E+000 1.2040358E+000
 1.2124964E+000 1.2125032E+000 1.2141129E+000 1.2243601E+000 1.2347817E+000
 1.2453823E+000 1.2561665E+000 1.2662006E+000 1.2671391E+000 1.3003010E+000
 1.3352453E+000 1.3721197E+000 1.4110885E+000 1.4523356E+000 1.4960666E+000
 1.5425129E+000 1.5919355E+000 1.6446299E+000 1.7009323E+000 1.7612262E+000
 1.8259518E+000 1.8956163E+000 1.9708073E+000 2.0522097E+000 2.1406263E+000
 2.2370046E+000 2.3424706E+000 2.4583733E+000 2.5863424E+000 2.7283659E+000
 2.8868934E+000 3.0649794E+000 3.2010586E+000 3.2664813E+000 3.4963425E+000
 3.7610029E+000 4.0690124E+000 4.4319712E+000 4.8660241E+000 5.3943269E+000
 6.0513166E+000 6.8905334E+000 6.9286816E+000 7.4643408E+000 7.7321704E+000
 7.8660852E+000 7.9330426E+000 7.9665213E+000 8.0000000E+000 8.1606936E+000
 8.3246151E+000 8.4918291E+000 8.6624020E+000 8.8364011E+000 9.0138953E+000
 9.1949547E+000 9.3796510E+000 9.5680573E+000 9.7602480E+000 9.9562992E+000
 1.0156288E+001 1.0360295E+001 1.0568399E+001 1.0780683E+001 1.0997232E+001
 1.1218130E+001 1.1443465E+001 1.1673327E+001 1.1907805E+001 1.2146994E+001
 1.2390987E+001 1.2639881E+001 1.2893774E+001 1.3152768E+001 1.3416964E+001
 1.3686466E+001 1.3961382E+001 1.4241820E+001 1.4527892E+001 1.4819709E+001
 1.5117388E+001 1.5421047E+001 1.5730805E+001 1.6046785E+001 1.6369112E+001
 1.6697913E+001 1.7033319E+001 1.7375462E+001 1.7724478E+001 1.8080504E+001
 1.8443682E+001 1.8814155E+001 1.9192069E+001 1.9577575E+001 1.9970824E+001
 2.0371972E+001 2.0781177E+001 2.1198603E+001 2.1624413E+001 2.2058776E+001
 2.2501864E+001 2.2953852E+001 2.3414920E+001 2.3885248E+001 2.4365024E+001
 2.4854437E+001 2.5353681E+001 2.5862953E+001 2.6382454E+001 2.6912391E+001
 2.7452972E+001 2.8004411E+001 2.8566928E+001 2.9140743E+001 2.9726085E+001
 3.0323184E+001 3.0932277E+001 3.1553604E+001 3.2187412E+001 3.2833951E+001
 3.3493477E+001 3.4166250E+001 3.4852538E+001 3.5552610E+001 3.6266745E+001
 3.6995224E+001 3.7738336E+001 3.8496375E+001 3.9269640E+001 4.0058438E+001
 4.0863080E+001 4.1683885E+001 4.2521176E+001 4.3375287E+001 4.4246553E+001
 4.5135321E+001 4.6041940E+001 4.6966771E+001 4.7910179E+001 4.8872536E+001
 4.9854224E+001 5.0855632E+001 5.1877154E+001 5.2919195E+001 5.3982167E+001
 5.5066490E+001 5.6172595E+001 5.7300917E+001 5.8451904E+001 5.9626010E+001
 6.0823700E+001 6.2045447E+001 6.3291736E+001 6.4563058E+001 6.5859917E+001
 6.7182826E+001 6.8532307E+001 6.9908895E+001 7.1313134E+001 7.2745580E+001
 7.4206799E+001 7.5697369E+001 7.7217880E+001 7.8768932E+001 8.0351141E+001
 8.1965130E+001 8.3611539E+001 8.5291020E+001 8.7004235E+001 8.8751863E+001
 9.0534596E+001 9.2353137E+001 9.4208207E+001 9.6100540E+001 9.8030883E+001
 1.0000000E+002
