 1.8028771E-001 1.8092304E-001 1.8435000E-001 1.8501815E-001 1.9601516E-001
 2.0094704E-001 2.1528533E-001 2.2162660E-001 2.2823930E-001 2.3256393E-001
 2.3999729E-001 2.5072307E-001 2.6055582E-001 2.6961276E-001 2.7799225E-001
 2.8047253E-001 2.8577697E-001 2.9303660E-001 2.9983014E-001 3.0620779E-001
 3.1221248E-001 3.1788115E-001 3.2324572E-001 3.2833395E-001 3.3317007E-001
 3.3777536E-001 3.4216860E-001 3.4636640E-001 3.5038356E-001 3.5423329E-001
 3.5792741E-001 3.6147659E-001 3.6489040E-001 3.6817706E-001 3.7134433E-001
 3.7439889E-001 3.7734698E-001 3.8019444E-001 3.8294671E-001 3.8560885E-001
 3.8568492E-001 3.8590709E-001 3.8641308E-001 3.8650079E-001 3.8690411E-001
 3.8738289E-001 3.8784134E-001 3.8825532E-001 3.8871970E-001 3.8911827E-001
 3.8954160E-001 3.8997190E-001 3.9010645E-001 3.9010702E-001 3.9031079E-001
 3.9077565E-001 3.9081643E-001 3.9125107E-001 3.9165302E-001 3.9173741E-001
 3.9223496E-001 3.9248339E-001 3.9274392E-001 3.9326439E-001 3.9330910E-001
 3.9379638E-001 3.9413155E-001 3.9433978E-001 3.9489437E-001 3.9495203E-001
 3.9545984E-001 3.9577170E-001 3.9603575E-001 3.9659169E-001 3.9662159E-001
 3.9721672E-001 3.9741302E-001 3.9823667E-001 3.9843181E-001 3.9906359E-001
 3.9967396E-001 3.9989468E-001 4.0030253E-001 4.0073082E-001 4.0093446E-001
 4.0157285E-001 4.0220290E-001 4.0242160E-001 4.0283637E-001 4.0327786E-001
 4.0346713E-001 4.0409336E-001 4.0414243E-001 4.0471319E-001 4.0501605E-001
 4.0532454E-001 4.0589942E-001 4.0592540E-001 4.0651347E-001 4.0679320E-001
 4.0708652E-001 4.0744226E-001 4.0769798E-001 4.0817846E-001 4.0849306E-001
 4.0861421E-001 4.0918440E-001 4.0954225E-001 4.0965158E-001 4.1009512E-001
 4.1045203E-001 4.1048223E-001 4.1051835E-001 4.1093016E-001 4.1135165E-001
 4.1143405E-001 4.1183541E-001 4.1254531E-001 4.1239727E-001 4.1337105E-001
 4.1435406E-001 4.1446417E-001 4.1534434E-001 4.1583932E-001 4.1636310E-001
 4.1733570E-001 4.1832956E-001 4.1931639E-001 4.2029133E-001 4.2124940E-001
 4.2218582E-001 4.2254197E-001 4.2290268E-001 4.2326798E-001 4.2334261E-001
 4.2363788E-001 4.2401242E-001 4.2439161E-001 4.2452960E-001 4.2477547E-001
 4.2516404E-001 4.2555734E-001 4.2574586E-001 4.2595539E-001 4.2635824E-001
 4.2676590E-001 4.2699030E-001 4.2717842E-001 4.2759583E-001 4.2801818E-001
 4.2826170E-001 4.2844550E-001 4.2887785E-001 4.2931528E-001 4.2955872E-001
 4.2975785E-001 4.3020561E-001 4.3065863E-001 4.3087994E-001 4.3111698E-001
 4.3158074E-001 4.3204999E-001 4.3222394E-001 4.3252483E-001 4.3300533E-001
 4.3349162E-001 4.3358926E-001 4.3398379E-001 4.3448197E-001 4.3497450E-001
 4.3508627E-001 4.3549683E-001 4.3601379E-001 4.3637834E-001 4.3653731E-001
 4.3706754E-001 4.3760464E-001 4.3779953E-001 4.3806165E-001 4.3814881E-001
 4.3870023E-001 4.3923696E-001 4.3955909E-001 4.3982562E-001 4.4040003E-001
 4.4068961E-001 4.4093281E-001 4.4098256E-001 4.4215657E-001 4.4273221E-001
 4.4363705E-001 4.4456011E-001 4.4513038E-001 4.4607418E-001 4.4663593E-001
 4.4815319E-001 4.4848354E-001 4.4968170E-001 4.5059866E-001 4.5122104E-001
 4.5277085E-001 4.5383156E-001 4.5433077E-001 4.5519597E-001 4.5590044E-001
 4.5747957E-001 4.5770759E-001 4.5906771E-001 4.6038438E-001 4.6066483E-001
 4.6227039E-001 4.6324683E-001 4.6388431E-001 4.6550659E-001 4.6631842E-001
 4.6713758E-001 4.6877826E-001 4.6962599E-001 4.7043069E-001 4.7209883E-001
 4.7320042E-001 4.7379004E-001 4.7524044E-001 4.7551775E-001 4.7707727E-001
 4.7730702E-001 4.7920690E-001 4.8129791E-001 4.8132434E-001 4.8395136E-001
 4.8591098E-001 4.8841453E-001 4.9097502E-001 4.9656291E-001 4.9092814E-001
 5.0276925E-001 5.0970268E-001 5.1748440E-001 5.2626264E-001 5.3622073E-001
 5.4388705E-001 5.4758779E-001 5.6065521E-001 5.7580562E-001 5.9357171E-001
 6.1476862E-001 6.2478561E-001 6.2494735E-001 6.2509555E-001 6.2530414E-001
 6.2559590E-001 6.2620150E-001 6.2686328E-001 6.2697099E-001 6.2697144E-001
 6.2754663E-001 6.2822569E-001 6.2888127E-001 6.2949984E-001 6.3007283E-001
 6.3059577E-001 6.3106755E-001 6.3148950E-001 6.3186466E-001 6.3219712E-001
 6.3249143E-001 6.3275235E-001 6.3298445E-001 6.3319201E-001 6.3337890E-001
 6.3354854E-001 6.3370388E-001 6.3384744E-001 6.3398135E-001 6.3410733E-001
 6.3422680E-001 6.3434089E-001 6.3445049E-001 6.3455628E-001 6.3465877E-001
 6.3475834E-001 6.3485528E-001 6.3494976E-001 6.3504192E-001 6.3513185E-001
 6.3521961E-001 6.3530524E-001 6.3538880E-001 6.3547031E-001 6.3554984E-001
 6.3562744E-001 6.3569047E-001 6.3575547E-001 6.3582255E-001 6.3589180E-001
 6.3596333E-001 6.3603723E-001 6.3611363E-001 6.3619263E-001 6.3627436E-001
 6.3635894E-001 6.3644650E-001 6.3653716E-001 6.3663108E-001 6.3672840E-001
 6.3682927E-001 6.3693384E-001 6.3704228E-001 6.3715475E-001 6.3727144E-001
 6.3739252E-001 6.3751818E-001 6.3764863E-001 6.3778406E-001 6.3792468E-001
 6.3807072E-001 6.3822240E-001 6.3837995E-001 6.3854362E-001 6.3871366E-001
 6.3889032E-001 6.3907388E-001 6.3926461E-001 6.3946280E-001 6.3966874E-001
 6.3988273E-001 6.4006908E-001 6.4008923E-001 6.4010507E-001 6.4033610E-001
 6.4057612E-001 6.4071680E-001 6.4082549E-001 6.4108452E-001 6.4133034E-001
 6.4135357E-001 6.4219971E-001 6.4314301E-001 6.4419219E-001 6.4535531E-001
 6.4664007E-001 6.4809271E-001 6.4975546E-001 6.5165930E-001 6.5384061E-001
 6.5634233E-001 6.5921544E-001 6.6252074E-001 6.6633105E-001 6.7073374E-001
 6.7460870E-001 6.7583362E-001 6.8175589E-001 6.8864846E-001 6.9668223E-001
 7.0604668E-001 7.1693624E-001 7.2331250E-001 7.2952200E-001 7.4390578E-001
 7.6006585E-001 7.7214938E-001 7.7782492E-001 7.9688461E-001 8.1195678E-001
 8.1694704E-001 8.1738091E-001 8.3789766E-001 8.6002309E-001 8.8433203E-001
 9.1328865E-001 9.2449721E-001 9.5314465E-001 1.0250088E+000 1.0300864E+000
 1.1154310E+000 1.1303321E+000 1.1976908E+000 1.2209941E+000 1.2729251E+000
 1.2991873E+000 1.3384900E+000 1.3930504E+000 1.5630000E+000 1.8674720E+000
 2.0375663E+000 2.3364670E+000 2.8966379E+000 4.0235063E+000 6.7533446E+000
 6.9901628E+000 1.5143321E+001 3.0433005E+001 5.9553332E+001 1.1479916E+002
 2.1926580E+002 4.1690499E+002 7.9210169E+002 1.5080071E+003 1.8435000E+003
