 1.0000000E-006 1.3325133E-001 1.6852664E-001 2.6836379E-001 2.9297221E-001
 2.9300000E-001 3.6383349E-001 4.5711205E-001 5.4882649E-001 6.3923832E-001
 7.2848901E-001 8.1667587E-001 9.0387874E-001 9.9016926E-001 1.0756129E+000
 1.1602688E+000 1.2441886E+000 1.3274166E+000 1.4099892E+000 1.4919352E+000
 1.5732759E+000 1.6540276E+000 1.7342006E+000 1.8137994E+000 1.8928268E+000
 1.9712808E+000 2.0491577E+000 2.1264518E+000 2.1677547E+000 2.2031563E+000
 2.2792630E+000 2.3547640E+000 2.4296512E+000 2.5039140E+000 2.5775211E+000
 2.6503878E+000 2.7223788E+000 2.7933080E+000 2.8629316E+000 2.9309596E+000
 2.9970629E+000 3.0608932E+000 3.1221121E+000 3.1804437E+000 3.2357333E+000
 3.2880000E+000 3.2958834E+000 3.3038047E+000 3.3117641E+000 3.3197620E+000
 3.3277986E+000 3.3358742E+000 3.3439891E+000 3.3521436E+000 3.3603379E+000
 3.3685724E+000 3.3768474E+000 3.3851631E+000 3.3935199E+000 3.4019180E+000
 3.4103578E+000 3.4188396E+000 3.4227767E+000 3.4273637E+000 3.4359304E+000
 3.4445400E+000 3.4531929E+000 3.4618894E+000 3.4706297E+000 3.4794144E+000
 3.4882436E+000 3.4971177E+000 3.5060371E+000 3.5150021E+000 3.5240131E+000
 3.5330704E+000 3.5421744E+000 3.5513254E+000 3.5605238E+000 3.5697700E+000
 3.5790643E+000 3.5884072E+000 3.5977989E+000 3.6072400E+000 3.6167307E+000
 3.6238322E+000 3.6238350E+000 3.6262716E+000 3.6358628E+000 3.6390333E+000
 3.6455050E+000 3.7267036E+000 3.8116017E+000 3.9004582E+000 3.9935564E+000
 4.0912075E+000 4.1937539E+000 4.3015732E+000 4.4150826E+000 4.5347450E+000
 4.6610745E+000 4.7946443E+000 4.9360953E+000 5.0861461E+000 5.2456056E+000
 5.4153873E+000 5.5965272E+000 5.7902044E+000 5.9977671E+000 6.2207642E+000
 6.4609838E+000 6.7205010E+000 7.0017387E+000 7.2770158E+000 7.3075427E+000
 7.6412789E+000 8.0069574E+000 8.4093947E+000 8.8544266E+000 9.0269595E+000
 9.3491933E+000 9.9025256E+000 1.0525476E+001 1.1232066E+001 1.2040351E+001
 1.2507170E+001 1.2740580E+001 1.2857285E+001 1.2915637E+001 1.2944813E+001
 1.2973990E+001 1.3187697E+001 1.3404924E+001 1.3625730E+001 1.3850173E+001
 1.4078313E+001 1.4310210E+001 1.4545928E+001 1.4785528E+001 1.5029075E+001
 1.5276634E+001 1.5528270E+001 1.5784051E+001 1.6044046E+001 1.6308323E+001
 1.6576954E+001 1.6850009E+001 1.7127562E+001 1.7409687E+001 1.7696459E+001
 1.7987954E+001 1.8284252E+001 1.8585429E+001 1.8891568E+001 1.9202750E+001
 1.9519057E+001 1.9840575E+001 2.0167388E+001 2.0499585E+001 2.0837254E+001
 2.1180485E+001 2.1529369E+001 2.1884001E+001 2.2244473E+001 2.2610884E+001
 2.2983330E+001 2.3361911E+001 2.3746728E+001 2.4137884E+001 2.4535482E+001
 2.4939630E+001 2.5350435E+001 2.5768007E+001 2.6192457E+001 2.6623899E+001
 2.7062447E+001 2.7508219E+001 2.7961334E+001 2.8421913E+001 2.8890078E+001
 2.9365955E+001 2.9849670E+001 3.0341354E+001 3.0841136E+001 3.1349150E+001
 3.1865533E+001 3.2390421E+001 3.2923956E+001 3.3466278E+001 3.4017534E+001
 3.4577871E+001 3.5147437E+001 3.5726384E+001 3.6314869E+001 3.6913047E+001
 3.7521078E+001 3.8139124E+001 3.8767351E+001 3.9405926E+001 4.0055020E+001
 4.0714805E+001 4.1385459E+001 4.2067159E+001 4.2760088E+001 4.3464432E+001
 4.4180377E+001 4.4908115E+001 4.5647841E+001 4.6399751E+001 4.7164047E+001
 4.7940932E+001 4.8730615E+001 4.9533304E+001 5.0349216E+001 5.1178567E+001
 5.2021580E+001 5.2878478E+001 5.3749491E+001 5.4634852E+001 5.5534796E+001
 5.6449564E+001 5.7379400E+001 5.8324553E+001 5.9285273E+001 6.0261819E+001
 6.1254451E+001 6.2263433E+001 6.3289035E+001 6.4331531E+001 6.5391199E+001
 6.6468321E+001 6.7563186E+001 6.8676085E+001 6.9807317E+001 7.0957181E+001
 7.2125987E+001 7.3314045E+001 7.4521672E+001 7.5749192E+001 7.6996931E+001
 7.8265223E+001 7.9554406E+001 8.0864825E+001 8.2196828E+001 8.3550773E+001
 8.4927020E+001 8.6325936E+001 8.7747895E+001 8.9193277E+001 9.0662467E+001
 9.2155857E+001 9.3673846E+001 9.5216840E+001 9.6785250E+001 9.8379495E+001
 1.0000000E+002    
