 2.9855720E-002 3.0020000E-002 3.0653608E-002 3.0840161E-002 3.2693237E-002
 3.2946266E-002 3.4527368E-002 3.4852744E-002 3.6197019E-002 3.6599289E-002
 3.7731904E-002 3.7873104E-002 3.8214499E-002 3.8363559E-002 3.9154419E-002
 3.9719827E-002 4.0481969E-002 4.1131875E-002 4.1728414E-002 4.2463808E-002
 4.2905031E-002 4.3726287E-002 4.4021159E-002 4.4928096E-002 4.5084666E-002
 4.6076587E-002 4.6102283E-002 4.7079858E-002 4.7178002E-002 4.8022546E-002
 4.8237710E-002 4.8934964E-002 4.9260394E-002 4.9821314E-002 5.0250191E-002
 5.0685487E-002 5.1210806E-002 5.1531153E-002 5.2145609E-002 5.2361847E-002
 5.3057716E-002 5.3181046E-002 5.3950059E-002 5.3992253E-002 5.4799088E-002
 5.4825457E-002 5.5605384E-002 5.5686680E-002 5.6415316E-002 5.6536519E-002
 5.7233539E-002 5.7377868E-002 5.8065384E-002 5.8213817E-002 5.8916946E-002
 5.9047768E-002 5.9794119E-002 5.9866996E-002 5.9883590E-002 5.9902869E-002
 6.0012086E-002 6.0040000E-002 6.0040032E-002 6.0121788E-002 6.0231993E-002
 6.0342723E-002 6.0453996E-002 6.0565834E-002 6.0678257E-002 6.0726711E-002
 6.0791286E-002 6.0904944E-002 6.1019253E-002 6.1134236E-002 6.1249916E-002
 6.1366317E-002 6.1483464E-002 6.1585243E-002 6.1601380E-002 6.1656241E-002
 6.1691173E-002 6.1720092E-002 6.1797461E-002 6.1824611E-002 6.1824641E-002
 6.1839625E-002 6.1904119E-002 6.1960005E-002 6.2011162E-002 6.2081258E-002
 6.2118604E-002 6.2203412E-002 6.2226459E-002 6.2326492E-002 6.2334745E-002
 6.2443476E-002 6.2450527E-002 6.2552668E-002 6.2575544E-002 6.2643157E-002
 6.2662341E-002 6.2701571E-002 6.2772509E-002 6.2828633E-002 6.2883193E-002
 6.2956760E-002 6.2994411E-002 6.3085978E-002 6.3106181E-002 6.3216309E-002
 6.3218526E-002 6.3331464E-002 6.3347735E-002 6.3445018E-002 6.3480138E-002
 6.3559210E-002 6.3613289E-002 6.3674063E-002 6.3746842E-002 6.3789599E-002
 6.3880311E-002 6.3905844E-002 6.4013078E-002 6.4022823E-002 6.4140561E-002
 6.4144397E-002 6.4259085E-002 6.4273433E-002 6.4323127E-002 6.4378423E-002
 6.4399312E-002 6.4498602E-002 6.4521242E-002 6.4619651E-002 6.4638647E-002
 6.4741599E-002 6.4751310E-002 6.4751310E-002 6.4864625E-002 6.4989626E-002
 6.5117664E-002 6.5249770E-002 6.5386986E-002 6.5530364E-002 6.5680973E-002
 6.5839834E-002 6.6007771E-002 6.6185062E-002 6.6370844E-002 6.6562259E-002
 6.6753935E-002 6.6769303E-002 6.6784763E-002 6.6800310E-002 6.6815945E-002
 6.6831668E-002 6.6847480E-002 6.6863382E-002 6.6879375E-002 6.6895460E-002
 6.6911637E-002 6.6927907E-002 6.6944271E-002 6.6960730E-002 6.6977285E-002
 6.6993936E-002 6.7010685E-002 6.7018465E-002 6.7027533E-002 6.7044480E-002
 6.7061527E-002 6.7078675E-002 6.7095926E-002 6.7113280E-002 6.7130738E-002
 6.7148301E-002 6.7165970E-002 6.7183746E-002 6.7201631E-002 6.7219624E-002
 6.7237728E-002 6.7255943E-002 6.7274271E-002 6.7292712E-002 6.7311267E-002
 6.7329939E-002 6.7348727E-002 6.7367633E-002 6.7386659E-002 6.7405805E-002
 6.7420144E-002 6.7420149E-002 6.7425072E-002 6.7444462E-002 6.7450877E-002
 6.7463977E-002 6.7629168E-002 6.7803571E-002 6.7988022E-002 6.8183468E-002
 6.8390983E-002 6.8611786E-002 6.8847276E-002 6.9099057E-002 6.9147107E-002
 6.9368983E-002 6.9659206E-002 6.9972242E-002 7.0311045E-002 7.0679117E-002
 7.1080629E-002 7.1520599E-002 7.2005113E-002 7.2541624E-002 7.3139357E-002
 7.3809865E-002 7.4567804E-002 7.5432025E-002 7.6427152E-002 7.7466408E-002
 7.7585926E-002 7.8952815E-002 8.0589930E-002 8.2587213E-002 8.5080770E-002
 8.6141717E-002 8.8288109E-002 9.2582938E-002 9.2588261E-002 9.8677914E-002
 1.0817897E-001 1.2609447E-001 1.4584357E-001 1.6447903E-001 1.8122304E-001
 1.9555575E-001 2.0729296E-001 2.4291997E-001 2.6987883E-001 2.8286893E-001
 2.9277938E-001 3.0330548E-001 3.1882145E-001 3.3664238E-001 3.6193468E-001
 3.9311474E-001 4.3692890E-001 4.9283654E-001 5.7636820E-001 6.5741747E-001
 8.0790307E-001 8.6828945E-001 9.5252570E-001 1.0946199E+000 1.1849515E+000
 1.2360318E+000 1.3779975E+000 1.5214577E+000 1.5242446E+000 1.6671956E+000
 1.8159072E+000 1.8303714E+000 2.3955725E+000 3.0000000E+000 3.6062675E+000
 5.3596207E+000 6.9227922E+000 8.0253641E+000 1.2314942E+001 1.9639883E+001
 3.2772042E+001 5.6861334E+001 6.0040000E+001
