 0.2930000D+00 0.2997792D+00 0.3067152D+00 0.3138117D+00 0.3210724D+00
 0.3285011D+00 0.3361017D+00 0.3438782D+00 0.3518345D+00 0.3599750D+00
 0.3683038D+00 0.3768253D+00 0.3855439D+00 0.3944643D+00 0.4035911D+00
 0.4129290D+00 0.4224830D+00 0.4322581D+00 0.4422593D+00 0.4524919D+00
 0.4629613D+00 0.4736729D+00 0.4846323D+00 0.4958453D+00 0.5073178D+00
 0.5190557D+00 0.5310651D+00 0.5433525D+00 0.5559241D+00 0.5687866D+00
 0.5819467D+00 0.5954113D+00 0.6091874D+00 0.6232822D+00 0.6377032D+00
 0.6524578D+00 0.6675539D+00 0.6829991D+00 0.6988018D+00 0.7149701D+00
 0.7315124D+00 0.7484376D+00 0.7657543D+00 0.7834716D+00 0.8015989D+00
 0.8201456D+00 0.8391215D+00 0.8585363D+00 0.8784004D+00 0.8987241D+00
 0.9195180D+00 0.9407930D+00 0.9625603D+00 0.9848312D+00 0.1007617D+01
 0.1030931D+01 0.1054784D+01 0.1079188D+01 0.1104158D+01 0.1129705D+01
 0.1155843D+01 0.1182586D+01 0.1209947D+01 0.1237942D+01 0.1266585D+01
 0.1295890D+01 0.1325873D+01 0.1356550D+01 0.1387936D+01 0.1420049D+01
 0.1452905D+01 0.1486521D+01 0.1520915D+01 0.1556105D+01 0.1592109D+01
 0.1628946D+01 0.1666635D+01 0.1705196D+01 0.1744649D+01 0.1785015D+01
 0.1826316D+01 0.1868571D+01 0.1911805D+01 0.1956038D+01 0.2001296D+01
 0.2047600D+01 0.2094975D+01 0.2143447D+01 0.2193040D+01 0.2243781D+01
 0.2295696D+01 0.2348812D+01 0.2403156D+01 0.2458759D+01 0.2515647D+01
 0.2573852D+01 0.2633404D+01 0.2694333D+01 0.2756672D+01 0.2820454D+01
 0.2885711D+01 0.2952478D+01 0.3020790D+01 0.3090683D+01 0.3162192D+01
 0.3235356D+01 0.3310213D+01 0.3386802D+01 0.3465163D+01 0.3545337D+01
 0.3627366D+01 0.3711293D+01 0.3797162D+01 0.3885017D+01 0.3974905D+01
 0.4066873D+01 0.4160969D+01 0.4257242D+01 0.4355743D+01 0.4456522D+01
 0.4559633D+01 0.4665130D+01 0.4773068D+01 0.4883503D+01 0.4996493D+01
 0.5112098D+01 0.5230377D+01 0.5351393D+01 0.5475209D+01 0.5601890D+01
 0.5731502D+01 0.5864113D+01 0.5999791D+01 0.6138609D+01 0.6280639D+01
 0.6425955D+01 0.6574634D+01 0.6726752D+01 0.6882390D+01 0.7041629D+01
 0.7204552D+01 0.7371245D+01 0.7541794D+01 0.7716290D+01 0.7894823D+01
 0.8077486D+01 0.8264376D+01 0.8455590D+01 0.8651229D+01 0.8851393D+01
 0.9056189D+01 0.9265724D+01 0.9480106D+01 0.9699449D+01 0.9923866D+01
 0.1015348D+02 0.1038840D+02 0.1062876D+02 0.1087468D+02 0.1112628D+02
 0.1138372D+02 0.1164710D+02 0.1191658D+02 0.1219230D+02 0.1247439D+02
 0.1276301D+02 0.1305831D+02 0.1336045D+02 0.1366957D+02 0.1398584D+02
 0.1430944D+02 0.1464052D+02 0.1497926D+02 0.1532583D+02 0.1568043D+02
 0.1604323D+02 0.1641442D+02 0.1679421D+02 0.1718278D+02 0.1758034D+02
 0.1798710D+02 0.1840327D+02 0.1882907D+02 0.1926472D+02 0.1971045D+02
 0.2016649D+02 0.2063309D+02 0.2111048D+02 0.2159891D+02 0.2209865D+02
 0.2260995D+02 0.2313308D+02 0.2366831D+02 0.2421593D+02 0.2477622D+02
 0.2534947D+02 0.2593598D+02 0.2653607D+02 0.2715004D+02 0.2777821D+02
 0.2842092D+02 0.2907850D+02 0.2975129D+02 0.3043965D+02 0.3114394D+02
 0.3186452D+02 0.3260177D+02 0.3335609D+02 0.3412785D+02 0.3491747D+02
 0.3572536D+02 0.3655194D+02 0.3739765D+02 0.3826293D+02 0.3914822D+02
 0.4005400D+02 0.4098074D+02 0.4192891D+02 0.4289903D+02 0.4389159D+02
 0.4490712D+02 0.4594614D+02 0.4700920D+02 0.4809686D+02 0.4920968D+02
 0.5034826D+02 0.5151317D+02 0.5270504D+02 0.5392448D+02 0.5517214D+02
 0.5644867D+02 0.5775473D+02 0.5909101D+02 0.6045820D+02 0.6185703D+02
 0.6328823D+02 0.6475254D+02 0.6625073D+02 0.6778358D+02 0.6935190D+02
 0.7095650D+02 0.7259824D+02 0.7427795D+02 0.7599653D+02 0.7775487D+02
 0.7955390D+02 0.8139455D+02 0.8327779D+02 0.8520460D+02 0.8717599D+02
 0.8919299D+02 0.9125666D+02 0.9336808D+02 0.9552835D+02 0.9773861D+02
 0.1000000D+03
