 0.1840000D+00 0.1907674D+00 0.1977836D+00 0.2050580D+00 0.2125998D+00
 0.2204191D+00 0.2285259D+00 0.2369309D+00 0.2456451D+00 0.2546797D+00
 0.2640466D+00 0.2737580D+00 0.2838266D+00 0.2942655D+00 0.3050884D+00
 0.3163093D+00 0.3279429D+00 0.3400044D+00 0.3525095D+00 0.3654745D+00
 0.3789163D+00 0.3928526D+00 0.4073014D+00 0.4222816D+00 0.4378128D+00
 0.4539152D+00 0.4706098D+00 0.4879184D+00 0.5058637D+00 0.5244690D+00
 0.5437585D+00 0.5637575D+00 0.5844920D+00 0.6059892D+00 0.6282770D+00
 0.6513845D+00 0.6753419D+00 0.7001804D+00 0.7259325D+00 0.7526317D+00
 0.7803129D+00 0.8090122D+00 0.8387670D+00 0.8696162D+00 0.9016000D+00
 0.9347601D+00 0.9691398D+00 0.1004784D+01 0.1041739D+01 0.1080054D+01
 0.1119777D+01 0.1160962D+01 0.1203661D+01 0.1247930D+01 0.1293828D+01
 0.1341414D+01 0.1390750D+01 0.1441901D+01 0.1494933D+01 0.1549915D+01
 0.1606920D+01 0.1666021D+01 0.1727296D+01 0.1790825D+01 0.1856690D+01
 0.1924978D+01 0.1995777D+01 0.2069180D+01 0.2145282D+01 0.2224184D+01
 0.2305988D+01 0.2390800D+01 0.2478732D+01 0.2569898D+01 0.2664417D+01
 0.2762412D+01 0.2864011D+01 0.2969347D+01 0.3078557D+01 0.3191784D+01
 0.3309175D+01 0.3430884D+01 0.3557069D+01 0.3687896D+01 0.3823533D+01
 0.3964160D+01 0.4109958D+01 0.4261119D+01 0.4417840D+01 0.4580325D+01
 0.4748785D+01 0.4923442D+01 0.5104522D+01 0.5292262D+01 0.5486907D+01
 0.5688711D+01 0.5897938D+01 0.6114859D+01 0.6339759D+01 0.6572930D+01
 0.6814677D+01 0.7065315D+01 0.7325172D+01 0.7594586D+01 0.7873909D+01
 0.8163505D+01 0.8463752D+01 0.8775042D+01 0.9097781D+01 0.9432390D+01
 0.9779306D+01 0.1013898D+02 0.1051188D+02 0.1089850D+02 0.1129934D+02
 0.1171492D+02 0.1214579D+02 0.1259250D+02 0.1305564D+02 0.1353582D+02
 0.1403365D+02 0.1454980D+02 0.1508493D+02 0.1563974D+02 0.1621496D+02
 0.1681133D+02 0.1742964D+02 0.1807069D+02 0.1873531D+02 0.1942438D+02
 0.2013880D+02 0.2087949D+02 0.2164742D+02 0.2244359D+02 0.2326905D+02
 0.2412486D+02 0.2501216D+02 0.2593208D+02 0.2688585D+02 0.2787469D+02
 0.2889989D+02 0.2996281D+02 0.3106482D+02 0.3220736D+02 0.3339192D+02
 0.3462004D+02 0.3589334D+02 0.3721347D+02 0.3858215D+02 0.4000117D+02
 0.4147238D+02 0.4299770D+02 0.4457913D+02 0.4621871D+02 0.4791860D+02
 0.4968100D+02 0.5150823D+02 0.5340266D+02 0.5536677D+02 0.5740312D+02
 0.5951436D+02 0.6170325D+02 0.6397264D+02 0.6632551D+02 0.6876490D+02
 0.7129402D+02 0.7391616D+02 0.7663474D+02 0.7945330D+02 0.8237553D+02
 0.8540523D+02 0.8854637D+02 0.9180303D+02 0.9517948D+02 0.9868010D+02
 0.1023095D+03 0.1060723D+03 0.1099736D+03 0.1140183D+03 0.1182118D+03
 0.1225596D+03 0.1270672D+03 0.1317406D+03 0.1365860D+03 0.1416095D+03
 0.1468178D+03 0.1522176D+03 0.1578160D+03 0.1636204D+03 0.1696382D+03
 0.1758774D+03 0.1823460D+03 0.1890525D+03 0.1960057D+03 0.2032147D+03
 0.2106888D+03 0.2184377D+03 0.2264717D+03 0.2348011D+03 0.2434369D+03
 0.2523903D+03 0.2616731D+03 0.2712972D+03 0.2812753D+03 0.2916203D+03
 0.3023459D+03 0.3134659D+03 0.3249950D+03 0.3369480D+03 0.3493407D+03
 0.3621892D+03 0.3755102D+03 0.3893212D+03 0.4036401D+03 0.4184856D+03
 0.4338772D+03 0.4498349D+03 0.4663794D+03 0.4835325D+03 0.5013164D+03
 0.5197544D+03 0.5388706D+03 0.5586898D+03 0.5792380D+03 0.6005419D+03
 0.6226293D+03 0.6455292D+03 0.6692712D+03 0.6938865D+03 0.7194070D+03
 0.7458663D+03 0.7732986D+03 0.8017399D+03 0.8312273D+03 0.8617991D+03
 0.8934954D+03 0.9263575D+03 0.9604282D+03 0.9957519D+03 0.1032375D+04
 0.1070345D+04 0.1109711D+04 0.1150526D+04 0.1192841D+04 0.1236713D+04
 0.1282198D+04 0.1329356D+04 0.1378249D+04 0.1428940D+04 0.1481495D+04
 0.1535983D+04 0.1592475D+04 0.1651045D+04 0.1711769D+04 0.1774727D+04
 0.1840000D+04
