 1.0000000E-006 6.1600630E-002 1.2602356E-001 1.9999239E-001 2.6767217E-001
 2.9298686E-001 2.9300000E-001 3.3077771E-001 3.8997251E-001 4.4566319E-001
 4.9815781E-001 5.4771347E-001 5.9455518E-001 6.3888406E-001 6.8088215E-001
 7.2071528E-001 7.5853522E-001 7.9448086E-001 8.2867989E-001 8.6124869E-001
 8.9229037E-001 9.2189575E-001 9.5014577E-001 9.7711351E-001 1.0028656E+000
 1.0274633E+000 1.0509635E+000 1.0734194E+000 1.0948810E+000 1.1153956E+000
 1.1350078E+000 1.1537607E+000 1.1716950E+000 1.1888499E+000 1.2052632E+000
 1.2209709E+000 1.2360083E+000 1.2504089E+000 1.2642056E+000 1.2774298E+000
 1.2901122E+000 1.3022823E+000 1.3139687E+000 1.3251990E+000 1.3360000E+000
 1.3465266E+000 1.3572205E+000 1.3680855E+000 1.3791260E+000 1.3903460E+000
 1.4017502E+000 1.4133429E+000 1.4251290E+000 1.4371133E+000 1.4493009E+000
 1.4616970E+000 1.4743070E+000 1.4871364E+000 1.5001911E+000 1.5134770E+000
 1.5270003E+000 1.5407674E+000 1.5547851E+000 1.5690602E+000 1.5835998E+000
 1.5984114E+000 1.6135027E+000 1.6288817E+000 1.6445567E+000 1.6605363E+000
 1.6768295E+000 1.6934455E+000 1.7103942E+000 1.7276856E+000 1.7453302E+000
 1.7633388E+000 1.7817230E+000 1.8004946E+000 1.8196659E+000 1.8392499E+000
 1.8592600E+000 1.8797103E+000 1.8923353E+000 1.8923397E+000 1.9006154E+000
 1.9219908E+000 1.9438525E+000 1.9602843E+000 1.9662172E+000 2.0103917E+000
 2.0565968E+000 2.1049757E+000 2.1556855E+000 2.2088990E+000 2.2648060E+000
 2.3236166E+000 2.3855629E+000 2.4509025E+000 2.5199222E+000 2.5929418E+000
 2.6703195E+000 2.7524575E+000 2.8398088E+000 2.9328862E+000 3.0322717E+000
 3.1386292E+000 3.2527188E+000 3.3754158E+000 3.5077321E+000 3.6508453E+000
 3.8061331E+000 3.9752180E+000 4.1600242E+000 4.3628514E+000 4.5455221E+000
 4.5864704E+000 4.8342512E+000 5.1103334E+000 5.4198593E+000 5.7692979E+000
 6.1669010E+000 6.6233638E+000 7.1528012E+000 7.4635172E+000 7.6188751E+000
 7.6965541E+000 7.7353936E+000 7.7548134E+000 7.7742331E+000 7.9321796E+000
 8.0933350E+000 8.2577646E+000 8.4255348E+000 8.5967136E+000 8.7713701E+000
 8.9495751E+000 9.1314006E+000 9.3169202E+000 9.5062090E+000 9.6993434E+000
 9.8964017E+000 1.0097464E+001 1.0302610E+001 1.0511925E+001 1.0725492E+001
 1.0943399E+001 1.1165732E+001 1.1392582E+001 1.1624042E+001 1.1860203E+001
 1.2101163E+001 1.2347018E+001 1.2597869E+001 1.2853815E+001 1.3114962E+001
 1.3381414E+001 1.3653280E+001 1.3930669E+001 1.4213694E+001 1.4502469E+001
 1.4797110E+001 1.5097738E+001 1.5404474E+001 1.5717442E+001 1.6036768E+001
 1.6362581E+001 1.6695014E+001 1.7034201E+001 1.7380279E+001 1.7733389E+001
 1.8093672E+001 1.8461275E+001 1.8836347E+001 1.9219038E+001 1.9609505E+001
 2.0007905E+001 2.0414399E+001 2.0829151E+001 2.1252330E+001 2.1684106E+001
 2.2124655E+001 2.2574154E+001 2.3032786E+001 2.3500735E+001 2.3978192E+001
 2.4465349E+001 2.4962403E+001 2.5469556E+001 2.5987012E+001 2.6514982E+001
 2.7053678E+001 2.7603318E+001 2.8164125E+001 2.8736326E+001 2.9320153E+001
 2.9915840E+001 3.0523631E+001 3.1143769E+001 3.1776506E+001 3.2422099E+001
 3.3080808E+001 3.3752900E+001 3.4438646E+001 3.5138324E+001 3.5852218E+001
 3.6580615E+001 3.7323811E+001 3.8082107E+001 3.8855808E+001 3.9645229E+001
 4.0450687E+001 4.1272510E+001 4.2111030E+001 4.2966586E+001 4.3839524E+001
 4.4730196E+001 4.5638965E+001 4.6566196E+001 4.7512266E+001 4.8477557E+001
 4.9462459E+001 5.0467371E+001 5.1492700E+001 5.2538860E+001 5.3606274E+001
 5.4695375E+001 5.5806603E+001 5.6940407E+001 5.8097246E+001 5.9277588E+001
 6.0481911E+001 6.1710702E+001 6.2964457E+001 6.4243685E+001 6.5548902E+001
 6.6880637E+001 6.8239429E+001 6.9625826E+001 7.1040391E+001 7.2483695E+001
 7.3956322E+001 7.5458867E+001 7.6991940E+001 7.8556159E+001 8.0152158E+001
 8.1780583E+001 8.3442092E+001 8.5137356E+001 8.6867064E+001 8.8631913E+001
 9.0432617E+001 9.2269907E+001 9.4144523E+001 9.6057226E+001 9.8008788E+001
 1.0000000E+002    
