 1.0362000E-002 3.4843291E-002 3.5755988E-002 3.6005642E-002 3.6790558E-002
 3.7081153E-002 3.7758818E-002 3.8090707E-002 3.8671419E-002 3.9044573E-002
 3.9536459E-002 3.9950482E-002 4.0360245E-002 4.0814400E-002 4.1147766E-002
 4.1641007E-002 4.1902992E-002 4.2434006E-002 4.2629066E-002 4.3196333E-002
 4.3328440E-002 4.3930298E-002 4.4002958E-002 4.4637688E-002 4.4653926E-002
 4.5282164E-002 4.5319842E-002 4.5888052E-002 4.5977712E-002 4.6471589E-002
 4.6611911E-002 4.7032467E-002 4.7222773E-002 4.7570155E-002 4.7810404E-002
 4.8084007E-002 4.8374752E-002 4.8573380E-002 4.8915679E-002 4.9037746E-002
 4.9433043E-002 4.9476795E-002 4.9890505E-002 4.9926776E-002 5.0279177E-002
 5.0396947E-002 5.0643414E-002 5.0843817E-002 5.0983846E-002 5.1267859E-002
 5.1301009E-002 5.1342905E-002 5.1458027E-002 5.1609073E-002 5.1669957E-002
 5.1754381E-002 5.1810000E-002 5.1894184E-002 5.2028712E-002 5.2051872E-002
 5.2158191E-002 5.2282841E-002 5.2402877E-002 5.2415067E-002 5.2463689E-002
 5.2518508E-002 5.2598149E-002 5.2629935E-002 5.2737351E-002 5.2776548E-002
 5.2840941E-002 5.2940885E-002 5.2950417E-002 5.3017580E-002 5.3017615E-002
 5.3037353E-002 5.3119911E-002 5.3130505E-002 5.3220496E-002 5.3285187E-002
 5.3307457E-002 5.3391503E-002 5.3446405E-002 5.3472736E-002 5.3551243E-002
 5.3603721E-002 5.3627109E-002 5.3700408E-002 5.3757292E-002 5.3771214E-002
 5.3839595E-002 5.3905620E-002 5.3907269E-002 5.3969355E-002 5.4030866E-002
 5.4053802E-002 5.4090219E-002 5.4147479E-002 5.4197034E-002 5.4202714E-002
 5.4255990E-002 5.4307373E-002 5.4337105E-002 5.4356932E-002 5.4404734E-002
 5.4450849E-002 5.4474150E-002 5.4495344E-002 5.4538290E-002 5.4579754E-002
 5.4608298E-002 5.4619806E-002 5.4658516E-002 5.4695949E-002 5.4695949E-002
 5.4733694E-002 5.4739676E-002 5.4772263E-002 5.4811712E-002 5.4852093E-002
 5.4868492E-002 5.4893460E-002 5.4935866E-002 5.4979368E-002 5.4995062E-002
 5.5024020E-002 5.5069878E-002 5.5117001E-002 5.5119660E-002 5.5165448E-002
 5.5215281E-002 5.5242520E-002 5.5266566E-002 5.5319372E-002 5.5363842E-002
 5.5373770E-002 5.5429839E-002 5.5483795E-002 5.5487662E-002 5.5547329E-002
 5.5602529E-002 5.5608940E-002 5.5672600E-002 5.5720171E-002 5.5738428E-002
 5.5806553E-002 5.5836830E-002 5.5877120E-002 5.5950289E-002 5.5952601E-002
 5.6026238E-002 5.6067561E-002 5.6105167E-002 5.6181774E-002 5.6187299E-002
 5.6272877E-002 5.6295290E-002 5.6362152E-002 5.6408143E-002 5.6455368E-002
 5.6520355E-002 5.6552737E-002 5.6631930E-002 5.6654407E-002 5.6742857E-002
 5.6760375E-002 5.6853109E-002 5.6870350E-002 5.6962643E-002 5.6983428E-002
 5.7071397E-002 5.7097320E-002 5.7179296E-002 5.7205879E-002 5.7260543E-002
 5.7286245E-002 5.7392138E-002 5.7496854E-002 5.7600266E-002 5.7702236E-002
 5.7726362E-002 5.7750920E-002 5.7775921E-002 5.7801379E-002 5.7827305E-002
 5.7853713E-002 5.7880616E-002 5.7908028E-002 5.7935965E-002 5.7964441E-002
 5.7993472E-002 5.8023075E-002 5.8053267E-002 5.8084065E-002 5.8115489E-002
 5.8147557E-002 5.8180291E-002 5.8213710E-002 5.8247836E-002 5.8282694E-002
 5.8318305E-002 5.8354697E-002 5.8391893E-002 5.8429923E-002 5.8468813E-002
 5.8508594E-002 5.8549298E-002 5.8590956E-002 5.8633603E-002 5.8677276E-002
 5.8722010E-002 5.8767847E-002 5.8814828E-002 5.8862996E-002 5.8912398E-002
 5.8963081E-002 5.9015098E-002 5.9047321E-002 5.9047332E-002 5.9068501E-002
 5.9123347E-002 5.9179696E-002 5.9222221E-002 5.9237611E-002 5.9352816E-002
 5.9474488E-002 5.9603192E-002 5.9739564E-002 5.9884317E-002 6.0038260E-002
 6.0202307E-002 6.0377500E-002 6.0565032E-002 6.0766275E-002 6.0982813E-002
 6.1216489E-002 6.1469459E-002 6.1744261E-002 6.2043907E-002 6.2371998E-002
 6.2732881E-002 6.3131853E-002 6.3575437E-002 6.4071771E-002 6.4631146E-002
 6.5266777E-002 6.5995952E-002 6.6841758E-002 6.7835803E-002 6.8797564E-002
 6.9022652E-002 7.0467453E-002 7.2269826E-002 7.4591197E-002 7.5446353E-002
 7.5448390E-002 7.7714307E-002 8.2192176E-002 8.9308866E-002 1.0316188E-001
 1.1884479E-001 1.3342483E-001 1.4610409E-001 1.5657402E-001 1.6488047E-001
 1.8877749E-001 2.0564641E-001 2.1342811E-001 2.1992740E-001 2.2534415E-001
 2.3568651E-001 2.4426716E-001 2.6167726E-001 2.7598473E-001 3.0797085E-001
 3.3345738E-001 4.0092314E-001 4.3138682E-001 5.2149116E-001 6.0653167E-001
 6.2508649E-001 6.8790383E-001 7.6652211E-001 8.4301946E-001 9.1784674E-001
 9.3085179E-001 9.9133330E-001 1.0637253E+000 1.1352105E+000 1.2059348E+000
 1.2158475E+000 1.2760137E+000 1.3455397E+000 1.4145877E+000 1.4832197E+000
 1.5514867E+000 1.6194318E+000 1.6870911E+000 1.7544958E+000 1.8216721E+000
 1.8886430E+000 1.9554283E+000 2.0220454E+000 2.0885095E+000 2.1106358E+000
 2.1548338E+000 2.2210303E+000 2.2871095E+000 2.3530807E+000 2.4189524E+000
 2.4847321E+000 2.5504265E+000 2.6160419E+000 2.6815837E+000 2.6906058E+000
 2.7158744E+000 2.7501471E+000 2.7844023E+000 2.7978677E+000 2.8186406E+000
 2.8528626E+000 2.8870690E+000 2.9212601E+000 2.9554366E+000 2.9895989E+000
 3.0000000E+000 3.0237474E+000 3.0578827E+000 3.0920051E+000 3.1261150E+000
 3.1602129E+000 3.1942990E+000 3.4702743E+000 5.5409348E+000 8.6990679E+000
 1.3521814E+001 2.0895841E+001 2.2548156E+001 3.2185525E+001 4.9493036E+001
 7.6060850E+001 1.1689504E+002 1.7973099E+002 2.7653038E+002 4.2580275E+002
 6.5620729E+002 1.0121431E+003 1.5624286E+003 2.4137819E+003 3.7317634E+003
 5.7733217E+003 8.9373852E+003 1.3843523E+004 2.1454277E+004 3.3265459E+004
 5.1602225E+004 8.0079807E+004 1.2432063E+005 1.9307064E+005 2.9993740E+005
 4.6609666E+005 7.2450764E+005 1.1264789E+006 1.7518970E+006 1.8617982E+006
 2.2078481E+006 2.7826326E+006 3.5072580E+006 3.8414801E+006 3.8416640E+006
 4.4208304E+006 5.5726721E+006 7.0249925E+006 8.8562573E+006 1.1165441E+007
 1.4077391E+007 1.7749594E+007 2.2380720E+007 2.8221393E+007 3.5587794E+007
 4.4878814E+007 5.6597705E+007
